e 0 0 0 0
e 1 1 1 0.25
e 2 2 2 0.5
e 3 3 3 0.5
e 4 4 4 0.5
e 5 5 5 0.75
e 6 6 6 0.75
e 7 7 7 0.75
e 8 8 8 1
e 9 9 9 1
e 10 0 1 0
e 11 1 0 0
e 12 1 2 0.25
e 13 1 3 0.25
e 14 1 4 0.25
e 15 2 1 0.25
e 16 2 5 0.5
e 17 3 1 0.25
e 18 3 5 0.5
e 19 3 6 0.5
e 20 3 7 0.5
e 21 4 1 0.25
e 22 4 7 0.5
e 23 5 2 0.5
e 24 5 3 0.5
e 25 5 8 0.75
e 26 6 3 0.5
e 27 6 8 0.75
e 28 6 9 0.75
e 29 7 3 0.5
e 30 7 4 0.5
e 31 7 9 0.75
e 32 8 5 0.75
e 33 8 6 0.75
e 34 9 6 0.75
e 35 9 7 0.75
n 0 1 1 0 1
p 0 0.468161
p 10 0.531839
n 1 1 1 1 1
p 1 0.296197
p 11 0.103621
p 12 0
p 13 0.0918915
p 14 0.50829
n 2 1 0.5 2 2
p 2 0.302646
p 15 0.345802
p 16 0.351552
n 3 1 0.5 2 1
p 3 0.12385
p 17 0.00331851
p 18 0.379369
p 19 0.212209
p 20 0.281254
n 4 1 0.5 2 0
p 4 0.766786
p 21 0
p 22 0.233214
n 5 1 0.75 3 2
p 5 0.439568
p 23 0.114499
p 24 0.18566
p 25 0.260273
n 6 1 0.75 3 1
p 6 0.205708
p 26 0.0287198
p 27 0.334139
p 28 0.431433
n 7 1 0.75 3 0
p 7 0.652891
p 29 0.0521621
p 30 0.241471
p 31 0.0534761
n 8 1 1 4 1.5
p 8 0.777891
p 32 0.0281713
p 33 0.193937
n 9 1 1 4 0.5
p 9 0.728763
p 34 0.271237
p 35 0
a 99 9
a 57 9
a 2 8
a 14 8
a 62 9
a 30 8
a 6 8
a 11 8
a 49 8
a 61 9
a 58 9
a 29 8
a 28 8
a 64 9
a 10 8
a 44 8
a 93 9
a 21 8
a 91 9
a 13 8
a 9 8
a 56 9
a 5 8
a 63 9
a 26 8
a 83 9
a 54 9
a 55 9
a 52 9
a 18 8
a 8 8
a 65 9
a 37 8
a 17 8
a 75 9
a 51 9
a 25 8
a 16 8
a 7 8
a 23 8
a 69 9
a 1 8
a 31 8
a 46 8
a 4 8
a 22 8
a 94 9
a 45 8
a 92 9
a 89 9
a 88 9
a 43 8
a 87 9
a 86 9
a 84 9
a 79 9
a 38 8
a 74 9
a 80 9
a 3 8
a 78 9
a 36 8
a 76 9
a 66 9
a 35 8
a 71 9
a 70 9
a 32 8
a 67 9
a 97 9 6 3 3 5 5 5 2 5
a 34 8 6 3 7 7 3 5
a 24 8 5 5 5 3 6 9 6 6 8
a 0 8 6 6 9
a 60 9 6 6 9
a 48 8 6 6 8
a 59 9 6 6 9
a 27 8 6 6 9
a 12 8 6 9
a 96 9 6 6 8
a 53 9 6 9
a 41 8 6 6 8
a 50 9 6 9
a 90 9 6 8
a 98 9 6 9
a 47 8 6 9
a 95 9 6 6 6 8
a 40 8 6 6 8
a 82 9 6 8
a 81 9 6 8
a 19 8 6 9
a 33 8 6 8
a 15 8 6 8
a 39 8 6 9
a 73 9 6 6 8
a 77 9 6 9
a 72 9 6 9
a 68 9 6 9
a 42 8 6 3 5 5 5 5 5 8
a 20 8 6 9 6 9
a 85 9 6 9 6 9
