0 1 720.0529965190935 
0 29 420.0110100282291 
0 8 963.3998475407968 
1 9 1047.3892117780108 
1 3 1491.1716192176618 
2 3 298.5302685691685 
2 4 320.0237389083989 
3 12 985.3809173842778 
3 5 369.3093755563856 
4 5 284.16565609688837 
4 116 774.7480587965078 
5 117 787.4336441745806 
5 127 994.1334055638634 
6 7 350.8460417746414 
6 55 424.51326934502976 
6 44 1566.6688001904433 
7 8 430.8454788216467 
7 54 375.8657498854722 
7 56 312.95955207837807 
8 9 755.7521289052816 
8 120 374.94523457441284 
9 10 738.6187511132257 
9 121 269.79872896110106 
10 11 426.2495773616897 
10 122 369.7899021079859 
11 12 338.7106706984679 
11 123 401.31389932807105 
12 124 350.5452539358542 
12 127 368.160388848384 
13 16 363.9372677180763 
13 19 369.30937555658136 
13 121 716.847492668969 
13 135 721.7957837684814 
14 15 437.648517403088 
14 17 332.8449999999255 
14 21 361.2213775125989 
14 33 1494.710586785266 
14 44 389.58449474275073 
15 20 369.30937555658136 
15 35 332.01632933650654 
15 53 317.44477871422697 
16 18 350.84970999700613 
16 22 787.9677080413067 
16 53 415.2482002176756 
17 35 353.2819599413273 
17 45 463.5755907606136 
17 44 417.047611978527 
18 25 714.5617316718323 
18 35 832.5943197500957 
18 48 277.7297891279568 
19 20 395.07531487176266 
19 53 347.69521345569757 
20 21 377.2246470592764 
20 120 673.5335274928673 
21 54 716.2719009230049 
22 23 346.61324699449534 
22 25 407.9518223774187 
22 135 323.9321476174195 
23 24 426.24957736161696 
23 26 388.16063668790025 
23 134 326.05848969783335 
24 27 327.6171329844799 
24 38 691.4093906224698 
24 147 381.2190479829069 
25 26 443.7936000001369 
25 37 279.87481140852094 
27 142 267.074293970882 
27 143 402.07006302512264 
28 66 3413.2057032795396 
28 30 2936.1704864867056 
28 50 2001.3895329917973 
29 56 693.4409591225761 
29 202 5373.185363202231 
30 32 2471.9202352737684 
30 52 632.7961793626442 
30 50 2842.709827369898 
31 32 400.03591401265214 
31 33 1466.0422749989466 
31 36 1066.018288192138 
31 193 3466.8327244343755 
32 34 1486.716000033646 
32 42 1790.4889798321 
33 34 466.0020000171458 
33 194 2349.534310711418 
34 44 998.6546047337742 
35 46 1221.0243021795004 
36 52 1190.7755555602805 
37 38 724.4917499186477 
37 48 798.4239598107657 
37 49 397.85814931453274 
38 43 423.7507991544895 
38 58 690.6959048987585 
39 40 1420.5313400518132 
39 69 5367.141622176585 
39 42 2939.420516530457 
40 61 1331.9118836442167 
41 42 833.8154496648964 
41 45 543.919534048826 
41 46 387.5276815917693 
42 47 1480.7297278710487 
43 57 727.8742306366951 
43 149 426.6199399932259 
45 48 1145.463112471088 
45 51 1212.3948601756383 
45 275 9371.734264406032 
46 47 823.707472286874 
47 51 890.4654914823593 
47 65 1944.658902255206 
48 51 467.2268088583052 
49 51 519.901553469326 
49 58 1096.0913765741163 
50 231 2767.7767717769248 
50 59 1344.7841213179768 
54 120 425.42979094567414 
55 194 1947.4928001413791 
56 72 5230.363786843238 
57 58 338.7045125547982 
57 150 424.7361257593288 
58 65 754.0388066938198 
59 60 1318.5543291043728 
60 247 2691.0567073745638 
60 61 1317.5879999999888 
60 62 1312.5200000000186 
62 233 1944.9640460059911 
63 233 3068.2433399520182 
63 234 330.79700015117055 
64 74 1348.2351529349603 
64 75 1254.1042163029383 
65 161 775.6107210450926 
65 152 2205.4188253311336 
66 67 1600.7427057462476 
66 253 1225.850613963188 
66 216 7784.763201611277 
67 195 3662.4694537454907 
68 78 3989.9474861831713 
68 69 33.792250590964315 
68 74 2633.0921693894097 
69 71 1891.5159295287126 
69 79 4191.6892945774025 
70 77 5256.837385995333 
70 71 2668.9610000000102 
70 234 2594.559447024672 
70 236 1284.1600793327702 
71 233 2674.820654993057 
72 118 1223.7734048103523 
72 146 635.120017682373 
73 89 4031.251550077289 
73 160 3015.559852498361 
73 81 4273.833499143317 
73 94 2937.304674578408 
74 236 1241.3030451150228 
75 76 1385.2529713376334 
76 77 1351.3699999999953 
76 85 442.35705722195445 
76 86 2888.5500000000466 
77 78 1266.9099999999162 
77 90 1956.9868580550055 
78 79 1351.4656208784133 
79 80 643.2665411911696 
80 90 3524.9372505194515 
80 152 1159.8384516495714 
81 88 1254.1221615935046 
82 84 1278.8965081272365 
82 266 537.2650561352775 
83 85 2175.917011632926 
83 84 2060.915211214687 
86 90 1736.8925396811687 
86 88 5953.6066431197305 
87 88 102.42070103255493 
87 96 5673.724411777576 
88 282 1643.9989146058247 
89 90 1453.6164062089586 
89 91 729.6813551991231 
89 152 3275.5750141958656 
91 165 935.7449327808758 
91 160 2258.2123312754115 
92 93 1631.4839376545697 
92 95 5186.219028350538 
93 94 3886.2765489224 
93 96 4068.459863927023 
95 154 5188.125835118618 
97 101 1068.791444872761 
97 208 2952.93736408922 
97 249 2606.8228738543244 
97 250 1506.9120950198253 
98 99 2606.5558843303384 
98 104 1863.7198290607203 
98 107 3404.6265802827857 
99 100 2741.290995963276 
99 210 3310.5413468449724 
100 101 1561.5952043554644 
100 103 2182.711818708343 
100 209 3140.407258575198 
101 102 2275.999353947705 
102 103 1594.0080719696425 
102 243 1843.0440665188173 
103 104 5325.574110099948 
104 106 5305.67212385242 
104 110 5362.176980430599 
105 114 1588.906614135919 
105 115 1453.878203462776 
106 108 5257.327238939926 
106 111 5268.276430055129 
106 115 5436.9053243211765 
107 108 5275.647329680494 
107 206 5255.211626603223 
107 210 2696.2274680079763 
108 109 5355.991032098128 
108 205 5341.449516528738 
109 175 5264.053869022703 
109 115 5371.475302324703 
109 171 5308.274998322046 
110 112 824.9050000000279 
110 226 5328.2947702041 
110 227 5063.208978859512 
111 112 4463.402677934496 
111 113 5343.135000000009 
113 204 5272.718766542634 
113 262 1889.928705010115 
114 262 356.060936877376 
114 270 446.8425298659423 
114 271 388.5691658908469 
115 181 9753.376020564585 
116 118 358.88163147485216 
116 117 217.1252244442941 
117 118 277.0525697409339 
117 128 986.6982279298392 
118 129 961.8089524432842 
119 191 479.572580301405 
119 195 2071.4819819698855 
120 121 759.2064934811144 
121 122 754.8692375505052 
122 155 290.6225842911199 
122 123 370.4758629114158 
123 124 392.9051208625405 
123 125 229.75677509065105 
124 126 337.8420000532719 
124 130 417.33006786583576 
125 126 382.97262735095484 
125 134 393.98369966276414 
125 155 365.4281688649812 
126 147 335.2992460475318 
126 136 398.66831150715467 
127 130 361.5178927867517 
127 128 750.131848743997 
128 131 347.83106531775945 
128 129 402.93923313557974 
129 132 351.50811228193436 
129 146 1483.1433784027558 
130 136 343.78951878287165 
130 131 758.9806131285883 
131 132 365.4281688649812 
131 138 348.2462324274174 
132 133 361.49776444682965 
132 157 2172.328632642931 
133 138 375.06299697508047 
133 140 385.2012509065343 
134 135 408.9135934399497 
134 147 318.71592257059297 
135 155 361.51178251876644 
136 137 362.54876485787196 
136 142 388.8869533682134 
137 138 407.020908553862 
137 158 423.579053896695 
138 141 365.4281688649812 
139 140 1500.2614455487349 
139 146 1064.3400537892066 
139 148 517.0746276894139 
139 162 253.38600000774036 
140 141 348.2462324274004 
140 145 327.98619681314 
141 158 365.4226217682882 
141 144 337.84040024258417 
142 147 442.1101515458939 
142 158 402.94761756350397 
143 144 379.63635457767435 
143 158 348.2566140951778 
143 149 590.9661174897902 
144 145 361.4929982946299 
144 156 642.1235387337705 
145 162 1489.9648617668734 
146 157 778.1390809489611 
148 157 873.9903964004036 
148 162 514.5846581467531 
148 163 835.0930217047028 
149 150 746.7067704259682 
149 156 335.29924604761976 
150 151 333.1674883597318 
150 161 623.1734815442319 
151 156 685.9530541516407 
151 154 3403.0339396486006 
152 161 2216.989231734132 
152 164 1239.0036704141173 
153 163 1753.1529625506234 
153 156 1101.6178504363163 
154 163 973.829392142206 
154 159 1494.435560872365 
159 165 2306.674273407444 
159 160 1259.5233340435448 
164 166 840.205789330821 
165 166 899.7344082005686 
167 171 2143.2504333551506 
168 174 2477.573758170706 
168 205 8051.4431782418915 
169 172 4064.20265255328 
169 170 20.9726597264199 
170 197 36846.30371783086 
171 184 4614.874555934228 
172 177 12.415657896374876 
172 180 13184.506305904697 
173 174 5356.264773238984 
173 177 11743.808680483316 
173 178 15686.39776402004 
173 176 5303.152997520657 
174 215 16446.751197311056 
175 176 5264.199828324538 
175 205 5317.700036059323 
176 219 18567.179608703413 
177 180 13176.796744512843 
177 200 31373.578313622846 
178 179 11217.773298924181 
178 190 21232.001846648564 
179 180 2671.153777150353 
181 182 484.7238782244722 
181 185 2308.5690747260032 
181 187 2996.6816861296725 
182 188 2637.1611052617263 
182 190 5352.185044202537 
182 187 2945.7313445964533 
183 184 431.34640141989587 
183 186 2652.107998386659 
183 188 2675.8832854147004 
184 189 2676.7767472155074 
185 189 330.17977742585856 
187 260 747.7685217798663 
188 189 504.11272906160394 
191 192 1816.606635688194 
192 193 504.4528504924513 
192 199 669.8124497298402 
193 194 1472.0329026773413 
195 196 1258.3427576590898 
195 201 2585.3666595039826 
196 197 4537.015735704759 
197 202 8701.623421414211 
198 201 2121.075684613338 
198 200 1261.1320890664344 
203 204 5138.066583280027 
203 261 673.1460917400195 
206 218 2625.08364461582 
207 213 2692.2135012108447 
207 212 1087.6907285090933 
207 216 3123.615059849099 
207 217 2670.7450598901423 
208 209 2625.7681051215923 
208 211 2755.9967685018755 
208 259 2673.7601383422493 
209 210 2606.0174313516704 
209 214 5230.781386526681 
210 218 5249.460617152413 
211 213 2568.522423032381 
211 217 2638.345057054701 
212 257 4214.3899766322 
213 214 2624.7649568499 
213 219 3937.1602667572206 
214 218 2669.9552898670813 
215 219 1779.563982295221 
215 216 998.0478448536193 
217 259 2684.7564606468404 
217 252 5533.1294111473535 
220 226 1958.3639838256859 
220 229 1318.5805599828175 
221 222 676.5370638479293 
221 235 4957.023745377946 
221 278 550.7062168615806 
221 279 903.984858727775 
222 223 863.5691330964675 
222 278 841.3240565596755 
222 279 663.6843226210129 
223 225 8172.321006300898 
224 230 1285.9398186671835 
224 277 445.660990481731 
224 225 4765.491559100027 
224 238 307.64927004619335 
225 228 5351.86796209156 
226 228 5080.0119994173665 
227 228 5351.623119030181 
229 263 1556.0892801378607 
230 263 1161.293709458907 
231 232 1921.5742710209577 
231 251 1481.1483213874533 
231 245 518.317922346022 
232 259 3448.42299750333 
233 240 1316.691677604517 
234 235 1294.1442818426667 
235 236 2662.2590138363403 
235 237 2720.7633208600755 
237 256 2744.6865617691296 
237 265 5106.628285744174 
238 264 207.40547273645805 
238 263 437.5371886104579 
238 265 408.46205744214984 
239 240 966.0354724568816 
239 256 2190.1790324275444 
239 244 3903.573940176459 
239 247 3023.820764642775 
241 244 2090.148118648303 
241 258 2261.241820906371 
241 255 852.1507361546977 
241 242 864.9466279217555 
242 243 983.7276550696685 
242 273 1163.7968453857454 
243 273 828.3656112810478 
243 250 905.7249616279399 
245 246 541.8441061384287 
245 274 712.9418063683943 
245 275 893.7956475578198 
246 274 453.3227795655563 
246 275 1060.1109934351532 
246 247 1672.3209742271072 
247 249 5493.4868294860225 
248 254 70.04753791534017 
248 249 1401.592951905829 
248 255 274.35931008078006 
249 259 2844.294163448131 
251 252 1237.9259954375389 
252 253 650.8200903506721 
253 257 775.0361092104282 
258 264 2743.624461413901 
260 261 950.0473715100605 
260 268 765.9183020486917 
260 269 688.4320910953877 
261 268 688.4320910955524 
261 269 765.9183020485042 
262 270 455.44153294242824 
262 271 465.8331026977966 
263 276 351.09620354538765 
264 276 557.2692183855096 
265 277 316.94348347458555 
266 267 557.5528380136292 
266 280 772.8720724888099 
266 281 1002.340812081894 
267 280 644.7903940180796 
267 281 1086.098036490414 
268 269 1103.8791468331135 
269 270 9411.082030060777 
270 271 797.6981555050467 
271 272 16598.316615635602 
272 273 3310.3641153247095 
272 276 4311.910522732751 
273 274 8281.54031349102 
274 275 1465.8807154394174 
276 277 1205.898248879354 
277 278 8707.230742382002 
278 279 1340.9592688493742 
279 280 6198.56042766385 
280 281 1660.2515551886706 
281 282 5000.348087883483 
