0 1453715.400000 920860.634000
1 1454314.520000 920461.220000
2 1455734.658000 919773.340000
3 1455512.762000 919573.634000
4 1456000.934000 919595.823000
5 1455823.417000 919373.927000
6 1452472.779000 920549.973000
7 1452761.244000 920350.271000
8 1453116.279000 920106.185000
9 1453693.210000 919618.013000
10 1454314.520000 919218.599000
11 1454647.365000 918952.323000
12 1454935.831000 918774.806000
13 1453116.279000 918819.185000
14 1451918.038000 919174.220000
15 1452295.262000 918952.323000
16 1452894.382000 918530.720000
17 1451718.331000 918907.944000
18 1452694.675000 918242.254000
19 1452805.624000 919018.892000
20 1452494.969000 919262.978000
21 1452162.124000 919440.496000
22 1453560.072000 918109.116000
23 1453826.348000 917887.220000
24 1454159.193000 917620.944000
25 1453271.606000 917820.651000
26 1453626.641000 917554.375000
27 1454447.650000 917465.620000
28 1444533.320000 920612.110000
29 1453386.993000 921122.470000
30 1446685.716000 918615.040000
31 1449082.190000 919702.330000
32 1449060.000000 919302.910000
33 1450546.720000 919768.902000
34 1450546.716000 919302.900000
35 1452033.423000 918748.178000
36 1448017.096000 919746.712000
37 1453142.900000 917572.126000
38 1453697.648000 917106.140000
39 1447928.340000 916085.420000
40 1446508.190000 916052.507000
41 1450968.320000 918288.850000
42 1450213.870000 917933.810000
43 1454074.870000 916913.090000
44 1451545.250000 919287.380000
45 1451458.896000 918523.762000
46 1451123.640000 917933.810000
47 1451500.870000 917201.559000
48 1452499.400000 918044.766000
49 1452765.680000 917445.650000
50 1443845.440000 918732.647000
51 1452280.350000 917632.070000
52 1446969.470000 919180.650000
53 1452558.260000 918774.550000
54 1452524.480000 920058.350000
55 1452119.070000 920784.710000
56 1452896.110000 920632.680000
57 1453631.070000 916336.165000
58 1453342.610000 916513.680000
59 1443909.510000 917389.390000
60 1443858.830000 916071.810000
61 1445176.418000 916071.810000
62 1443858.830000 914759.290000
63 1443882.556000 909746.604000
64 1449095.387000 908112.250000
65 1452929.890000 915882.620000
66 1442102.050000 923007.710000
67 1443250.710000 924122.590000
68 1447744.010000 910720.000000
69 1447777.800000 910720.390000
70 1446477.110000 909424.760000
71 1446477.110000 912093.721000
72 1457169.871000 917617.440000
73 1456970.480000 908171.370000
74 1447747.390000 908086.910000
75 1450348.780000 908070.020000
76 1451733.930000 908086.910000
77 1451733.930000 909438.280000
78 1451733.930000 910705.190000
79 1451750.826000 912056.550000
80 1452004.280000 912647.780000
81 1456936.700000 903897.670000
82 1451446.760000 902157.780000
83 1451733.930000 905468.636000
84 1451717.040000 903407.790000
85 1451733.705000 907644.553000
86 1454622.480000 908086.910000
87 1457145.390000 902665.180000
88 1457044.390000 902648.180000
89 1454056.380000 910956.870000
90 1453687.680000 909550.790000
91 1454756.310000 911163.105000
92 1462161.710000 905576.240000
93 1462124.214000 903945.187000
94 1459630.750000 906926.090000
95 1461033.090000 910638.165000
96 1462086.710000 899876.900000
97 1433068.813000 916091.912000
98 1425100.981000 915773.199000
99 1427706.930000 915829.443000
100 1430444.115000 915979.425000
101 1432000.186000 916110.660000
102 1431992.687000 913834.673000
103 1430399.120000 913797.177000
104 1425074.734000 913909.664000
105 1414368.320000 912493.730000
106 1419769.095000 913928.412000
107 1425112.229000 919177.807000
108 1419836.587000 919185.306000
109 1414482.204000 919316.541000
110 1425018.490000 908547.782000
111 1419731.600000 908660.269000
112 1424193.585000 908547.782000
113 1414388.465000 908660.269000
114 1414369.717000 910904.824000
115 1414332.222000 913947.160000
116 1456582.231000 919083.643000
117 1456456.960000 918906.300000
118 1456676.560000 918737.380000
119 1447581.398000 925038.544000
120 1452875.840000 919818.482000
121 1453517.740000 919413.070000
122 1454092.070000 918923.200000
123 1454362.340000 918669.810000
124 1454717.080000 918500.890000
125 1454227.200000 918484.000000
126 1454514.370000 918230.620000
127 1455240.730000 918568.460000
128 1455848.850000 918129.270000
129 1456186.690000 917909.670000
130 1455056.163000 918257.606000
131 1455679.930000 917825.210000
132 1455983.980000 917622.500000
133 1455764.390000 917335.340000
134 1454024.500000 918146.160000
135 1453703.550000 918399.540000
136 1454835.320000 917994.130000
137 1455156.270000 917825.510000
138 1455460.330000 917554.930000
139 1456744.130000 916152.890000
140 1455527.900000 917031.280000
141 1455257.620000 917250.880000
142 1454615.720000 917673.180000
143 1454733.940000 917183.311000
144 1455054.926000 916980.600000
145 1455342.080000 916761.010000
146 1457369.140000 917014.390000
147 1454294.770000 917977.240000
148 1457065.080000 915747.480000
149 1454429.910000 916676.550000
150 1453973.820000 916085.320000
151 1454260.990000 915916.400000
152 1452352.185000 913754.210000
153 1455578.570000 915815.050000
154 1457031.290000 913940.020000
155 1453923.150000 918686.710000
156 1454683.290000 916456.950000
157 1457723.870000 916321.810000
158 1454953.570000 917453.580000
159 1457048.190000 912445.680000
160 1457014.400000 911186.610000
161 1453635.980000 915561.670000
162 1456592.100000 915950.180000
163 1457081.580000 914912.550000
164 1453467.065000 913213.680000
165 1454767.750000 912098.780000
166 1454193.420000 912791.360000
167 1409232.232000 921497.139000
168 1419934.845000 932577.833000
169 1415021.726000 950960.346000
170 1415010.092000 950977.796000
171 1409174.066000 919354.678000
172 1414971.315000 946896.456000
173 1414661.094000 935146.848000
174 1420016.555000 935054.059000
175 1414564.150000 924579.957000
176 1414602.928000 929844.014000
177 1414963.559000 946886.761000
178 1398975.562000 935311.653000
179 1399150.061000 946528.069000
180 1401786.937000 946954.622000
181 1404578.923000 913985.921000
182 1404094.203000 913983.982000
183 1404128.191000 919296.737000
184 1404559.534000 919298.450000
185 1404656.478000 916293.187000
186 1401476.716000 919354.678000
187 1404036.036000 911038.825000
188 1404132.980000 916620.858000
189 1404637.089000 916622.797000
190 1398742.896000 914080.926000
191 1447939.599000 924719.668000
192 1449251.948000 923463.563000
193 1449626.905000 923126.102000
194 1450695.531000 922113.719000
195 1446072.313000 926457.593000
196 1446672.245000 927563.716000
197 1446653.497000 932100.693000
198 1442716.451000 929757.213000
199 1449278.195000 924132.861000
200 1441779.059000 930600.866000
201 1444216.278000 928257.386000
202 1453308.980000 926495.089000
203 1403977.870000 908681.148000
204 1409115.900000 908700.537000
205 1419881.582000 924526.566000
206 1425157.224000 924432.826000
207 1435768.502000 924357.835000
208 1433038.816000 919044.697000
209 1430414.119000 919119.689000
210 1427808.169000 919138.436000
211 1433057.564000 921800.630000
212 1436855.876000 924331.588000
213 1433076.312000 924369.084000
214 1430451.614000 924350.336000
215 1434849.857000 927949.921000
216 1435731.006000 927481.225000
217 1435693.510000 921688.143000
218 1427781.922000 924387.831000
219 1433106.308000 928306.130000
220 1432304.894000 908487.260000
221 1443810.616000 903165.302000
222 1443730.010000 902493.584000
223 1443649.404000 901633.785000
224 1435615.653000 908114.523000
225 1435659.155000 903349.230000
226 1430346.626000 908506.649000
227 1424956.542000 903484.952000
228 1430307.849000 903426.785000
229 1433623.332000 908467.871000
230 1434457.050000 907556.598000
231 1441078.862000 918814.099000
232 1439158.111000 918870.342000
233 1443901.314000 912814.790000
234 1443882.566000 909415.807000
235 1443845.071000 908122.206000
236 1446507.264000 908140.954000
237 1441126.634000 908234.693000
238 1435614.769000 908422.171000
239 1441641.297000 913109.131000
240 1442588.966000 912921.653000
241 1435671.013000 913634.071000
242 1434818.606000 913780.819000
243 1433835.676000 913820.426000
244 1437755.773000 913484.088000
245 1441196.207000 918309.239000
246 1441171.033000 917767.980000
247 1441167.879000 916095.662000
248 1435731.006000 914758.941000
249 1435674.762000 916159.405000
250 1433425.022000 914627.706000
251 1441261.619000 920283.929000
252 1441224.123000 921521.287000
253 1441205.375000 922171.837000
254 1435712.258000 914691.449000
255 1435712.258000 914485.223000
256 1441130.384000 910979.377000
257 1440792.923000 922828.011000
258 1435637.267000 911373.081000
259 1435712.258000 919003.452000
260 1404116.294000 910295.376000
261 1403986.482000 909354.239000
262 1414401.170000 910550.155000
263 1435179.420000 908465.875000
264 1435619.980000 908629.511000
265 1436022.778000 908402.938000
266 1451291.320000 901643.492000
267 1451026.984000 901152.583000
268 1403499.687000 909841.034000
269 1404603.089000 909808.581000
270 1413971.693000 910701.735000
271 1414754.857000 910853.315000
272 1431352.866000 910954.368000
273 1433954.989000 913000.698000
274 1440717.885000 917780.567000
275 1442089.914000 918296.651000
276 1435091.308000 908805.735000
277 1436060.539000 908088.252000
278 1443260.545000 903191.745000
279 1444393.413000 902474.262000
280 1450523.487000 901555.380000
281 1452109.502000 901064.471000
282 1457109.502000 901005.471000
