10
16
3 0.223055 0.414984 0.361961
4 0.240660 0.000000 0.232626 0.526714
4 0.121963 0.265061 0.468469 0.144507
3 0.434627 0.209518 0.355855
4 0.328632 0.102812 0.315841 0.252715
5 0.107766 0.469419 0.408170 0.000000 0.014645
5 0.024145 0.236004 0.393644 0.214302 0.131905
4 0.340680 0.224805 0.276632 0.157883
4 0.423613 0.000000 0.070387 0.506000
5 0.247069 0.226767 0.134183 0.201030 0.190950
5 0.163610 0.012365 0.453133 0.270810 0.100081
4 0.216188 0.470295 0.164785 0.148732
3 0.333189 0.320365 0.346446
4 0.060778 0.064284 0.595970 0.278967
4 0.303391 0.018493 0.354996 0.323120
3 0.845995 0.135698 0.018308
16
3 0.170128 0.410948 0.418925
4 0.363174 0.000000 0.150199 0.486626
4 0.144839 0.248965 0.434584 0.171612
3 0.462155 0.035020 0.502825
4 0.293113 0.127958 0.353529 0.225401
5 0.099722 0.396696 0.377701 0.000000 0.125881
5 0.000000 0.199612 0.371756 0.181256 0.247376
4 0.424225 0.196319 0.241579 0.137877
4 0.407549 0.000000 0.070609 0.521842
5 0.147562 0.234582 0.122756 0.215686 0.279415
5 0.188881 0.013540 0.415328 0.228256 0.153995
4 0.335450 0.456510 0.046643 0.161398
3 0.316970 0.235318 0.447713
4 0.126861 0.052391 0.593392 0.227356
4 0.323030 0.025817 0.349431 0.301722
3 0.973427 0.026573 0.000000
16
3 0.030898 0.517619 0.451483
4 0.407253 0.000000 0.181590 0.411157
4 0.138393 0.166053 0.531579 0.163975
3 0.434627 0.209518 0.355855
4 0.323024 0.101057 0.327517 0.248402
5 0.106341 0.476434 0.402774 0.000000 0.014451
5 0.021822 0.309496 0.355778 0.193688 0.119216
4 0.340680 0.224805 0.276632 0.157883
4 0.365115 0.000000 0.075666 0.559218
5 0.176430 0.248042 0.146772 0.219891 0.208865
5 0.176655 0.013351 0.409529 0.292404 0.108061
4 0.216188 0.470295 0.164785 0.148732
3 0.346251 0.332924 0.320825
4 0.067273 0.071153 0.659651 0.201924
4 0.311748 0.019003 0.337228 0.332021
3 0.850951 0.131331 0.017718
16
3 0.223055 0.414984 0.361961
4 0.353048 0.000000 0.198196 0.448757
4 0.121963 0.265061 0.468469 0.144507
3 0.434627 0.209518 0.355855
4 0.323024 0.101057 0.327517 0.248402
5 0.106341 0.476434 0.402774 0.000000 0.014451
5 0.024145 0.236004 0.393644 0.214302 0.131905
4 0.340680 0.224805 0.276632 0.157883
4 0.417682 0.000000 0.069401 0.512917
5 0.176430 0.248042 0.146772 0.219891 0.208865
5 0.176655 0.013351 0.409529 0.292404 0.108061
4 0.216188 0.470295 0.164785 0.148732
3 0.333189 0.320365 0.346446
4 0.060778 0.064284 0.595970 0.278967
4 0.311748 0.019003 0.337228 0.332021
3 0.845995 0.135698 0.018308
16
3 0.185069 0.447038 0.367894
4 0.363174 0.000000 0.150199 0.486626
4 0.135184 0.299031 0.405614 0.160172
3 0.462155 0.035020 0.502825
4 0.304140 0.095150 0.366829 0.233881
5 0.112341 0.446896 0.425497 0.000000 0.015267
5 0.000000 0.199612 0.371756 0.181256 0.247376
4 0.424225 0.196319 0.241579 0.137877
4 0.407549 0.000000 0.070609 0.521842
5 0.164823 0.262022 0.137115 0.240916 0.195124
5 0.188881 0.013540 0.415328 0.228256 0.153995
4 0.326350 0.444127 0.072503 0.157020
3 0.316970 0.235318 0.447713
4 0.126861 0.052391 0.593392 0.227356
4 0.261648 0.020911 0.283032 0.434408
3 0.950430 0.025945 0.023625
16
3 0.227711 0.423646 0.348643
4 0.404848 0.000000 0.080553 0.514600
4 0.121963 0.265061 0.468469 0.144507
3 0.389095 0.187569 0.423336
4 0.304140 0.095150 0.366829 0.233881
5 0.112341 0.446896 0.425497 0.000000 0.015267
5 0.018117 0.306246 0.295373 0.160803 0.219461
4 0.363208 0.239670 0.228799 0.168323
4 0.409813 0.000000 0.070339 0.519848
5 0.187834 0.264074 0.156258 0.169469 0.222365
5 0.148280 0.011207 0.343748 0.369310 0.127455
4 0.331847 0.451607 0.073724 0.142822
3 0.374375 0.275909 0.349716
4 0.000000 0.068444 0.634536 0.297020
4 0.309916 0.024769 0.335246 0.330069
3 0.855142 0.126723 0.018135
16
3 0.223055 0.414984 0.361961
4 0.353048 0.000000 0.198196 0.448757
4 0.121963 0.265061 0.468469 0.144507
3 0.389095 0.187569 0.423336
4 0.337827 0.105689 0.296699 0.259786
5 0.122229 0.486230 0.374931 0.000000 0.016611
5 0.024145 0.236004 0.393644 0.214302 0.131905
4 0.340680 0.224805 0.276632 0.157883
4 0.409813 0.000000 0.070339 0.519848
5 0.196041 0.275612 0.163085 0.133181 0.232080
5 0.169245 0.012791 0.392350 0.280138 0.145475
4 0.237051 0.515679 0.084184 0.163086
3 0.314443 0.302340 0.383217
4 0.007157 0.067954 0.629995 0.294894
4 0.294240 0.019486 0.345806 0.340467
3 0.857979 0.123454 0.018567
16
3 0.030898 0.517619 0.451483
4 0.407253 0.000000 0.181590 0.411157
4 0.162130 0.194534 0.622754 0.020581
3 0.438785 0.211523 0.349692
4 0.323024 0.101057 0.327517 0.248402
5 0.114592 0.513398 0.356437 0.000000 0.015573
5 0.021190 0.300530 0.345472 0.188077 0.144731
4 0.389650 0.208108 0.256086 0.146156
4 0.487231 0.000000 0.100973 0.411796
5 0.117495 0.265792 0.157275 0.235626 0.223811
5 0.206073 0.015575 0.477725 0.174572 0.126056
4 0.216188 0.470295 0.164785 0.148732
3 0.374898 0.360468 0.264633
4 0.067873 0.071788 0.665543 0.194795
4 0.283521 0.107829 0.306693 0.301957
3 0.850951 0.131331 0.017718
16
3 0.350780 0.342551 0.306670
4 0.323707 0.026488 0.277140 0.372665
4 0.115133 0.250218 0.398481 0.236168
3 0.398834 0.222782 0.378384
4 0.322613 0.100929 0.328372 0.248086
5 0.234605 0.364502 0.259455 0.132129 0.009309
5 0.025392 0.231865 0.413979 0.225372 0.103392
4 0.315202 0.251309 0.269667 0.163822
4 0.484797 0.014558 0.031950 0.468695
5 0.172570 0.205242 0.117653 0.300860 0.203675
5 0.210122 0.015881 0.345264 0.300200 0.128533
4 0.244229 0.531296 0.056450 0.168025
3 0.318347 0.356848 0.324805
4 0.002878 0.178344 0.529597 0.289181
4 0.386670 0.017544 0.289264 0.306523
3 0.724463 0.136071 0.139466
16
3 0.261099 0.315205 0.423697
4 0.388015 0.000000 0.118782 0.493203
4 0.142355 0.309379 0.343218 0.205048
3 0.434627 0.209518 0.355855
4 0.323024 0.101057 0.327517 0.248402
5 0.152302 0.451930 0.382059 0.000000 0.013708
5 0.026929 0.263221 0.439041 0.239016 0.031792
4 0.332605 0.219477 0.270075 0.177843
4 0.423184 0.000000 0.068746 0.508071
5 0.160424 0.225539 0.133456 0.290666 0.189916
5 0.176655 0.013351 0.409529 0.292404 0.108061
4 0.211472 0.460036 0.161191 0.167301
3 0.444622 0.266827 0.288551
4 0.060778 0.064284 0.595970 0.278967
4 0.311748 0.019003 0.337228 0.332021
3 0.804456 0.178136 0.017409
