EDGE: 0, 0, 0, 0
EDGE: 1, 1, 1, 0
EDGE: 2, 2, 2, 0
EDGE: 3, 3, 3, 0
EDGE: 4, 4, 4, 0
EDGE: 5, 5, 5, 0
EDGE: 6, 6, 6, 0
EDGE: 7, 7, 7, 0
EDGE: 8, 8, 8, 0
EDGE: 9, 9, 9, 0
EDGE: 10, 10, 10, 0
EDGE: 11, 11, 11, 1
EDGE: 12, 12, 12, 1
EDGE: 13, 0, 1, 0
EDGE: 14, 0, 2, 0
EDGE: 15, 0, 3, 0
EDGE: 16, 1, 0, 0
EDGE: 17, 1, 3, 0
EDGE: 18, 1, 4, 0
EDGE: 19, 2, 0, 0
EDGE: 20, 2, 3, 0
EDGE: 21, 2, 5, 0
EDGE: 22, 2, 6, 0
EDGE: 23, 3, 0, 0
EDGE: 24, 3, 1, 0
EDGE: 25, 3, 2, 0
EDGE: 26, 3, 4, 0
EDGE: 27, 3, 6, 0
EDGE: 28, 3, 7, 0
EDGE: 29, 4, 1, 0
EDGE: 30, 4, 3, 0
EDGE: 31, 4, 7, 0
EDGE: 32, 5, 2, 0
EDGE: 33, 5, 6, 0
EDGE: 34, 5, 8, 0
EDGE: 35, 6, 2, 0
EDGE: 36, 6, 3, 0
EDGE: 37, 6, 5, 0
EDGE: 38, 6, 7, 0
EDGE: 39, 6, 9, 0
EDGE: 40, 6, 10, 0
EDGE: 41, 7, 3, 0
EDGE: 42, 7, 4, 0
EDGE: 43, 7, 6, 0
EDGE: 44, 7, 10, 0
EDGE: 45, 8, 5, 0
EDGE: 46, 8, 9, 0
EDGE: 47, 8, 11, 0
EDGE: 48, 9, 6, 0
EDGE: 49, 9, 8, 0
EDGE: 50, 9, 10, 0
EDGE: 51, 9, 11, 0
EDGE: 52, 9, 12, 0
EDGE: 53, 10, 6, 0
EDGE: 54, 10, 7, 0
EDGE: 55, 10, 9, 0
EDGE: 56, 10, 12, 0
EDGE: 57, 11, 8, 0
EDGE: 58, 11, 9, 0
EDGE: 59, 12, 9, 0
EDGE: 60, 12, 10, 0
NODE: 0, 1, 0, 0, 0
PROB: 0, 0
PROB: 13, 0
PROB: 14, 0.693575
PROB: 15, 0.306425
NODE: 1, 1, 0, 0, 2
PROB: 1, 0.124244
PROB: 16, 0
PROB: 17, 0.705978
PROB: 18, 0.169778
NODE: 2, 1, 0, 2, 0
PROB: 2, 0.23914
PROB: 19, 0
PROB: 20, 0.224751
PROB: 21, 0.180164
PROB: 22, 0.355945
NODE: 3, 1, 0, 2, 2
PROB: 3, 0.0769302
PROB: 23, 0
PROB: 24, 0
PROB: 25, 0
PROB: 26, 0
PROB: 27, 0
PROB: 28, 0.92307
NODE: 4, 1, 0, 2, 4
PROB: 4, 0.250002
PROB: 29, 0.154467
PROB: 30, 0.409691
PROB: 31, 0.18584
NODE: 5, 1, 0, 4, 0
PROB: 5, 0.206524
PROB: 32, 0
PROB: 33, 0
PROB: 34, 0.793476
NODE: 6, 1, 0, 4, 2
PROB: 6, 0
PROB: 35, 0.0329981
PROB: 36, 0.0146654
PROB: 37, 0.0239967
PROB: 38, 0.126212
PROB: 39, 0.472197
PROB: 40, 0.32993
NODE: 7, 1, 0, 4, 4
PROB: 7, 0
PROB: 41, 0
PROB: 42, 0
PROB: 43, 0
PROB: 44, 1
NODE: 8, 1, 0, 6, 0
PROB: 8, 0.351303
PROB: 45, 0.157525
PROB: 46, 0
PROB: 47, 0.491173
NODE: 9, 1, 0, 6, 2
PROB: 9, 0
PROB: 48, 0.0759917
PROB: 49, 0.0538415
PROB: 50, 0.422362
PROB: 51, 0.144193
PROB: 52, 0.303613
NODE: 10, 1, 0, 6, 4
PROB: 10, 0.0278803
PROB: 53, 0
PROB: 54, 0
PROB: 55, 0
PROB: 56, 0.97212
NODE: 11, 1, 1, 8, 0
PROB: 11, 0.718994
PROB: 57, 0.281006
PROB: 58, 0
NODE: 12, 1, 1, 8, 4
PROB: 12, 1
PROB: 59, 0
PROB: 60, 0
AGNT: 164, 1, 0, 2, 2, 5, 5
AGNT: 30, 0, 2, 2, 0, 3
AGNT: 117, 1, 0, 3, 7
AGNT: 68, 0, 2, 5, 8, 11, 8
AGNT: 110, 1, 0, 2, 2, 5
AGNT: 162, 1, 0, 2, 6, 10
AGNT: 148, 1, 0, 2, 6, 9, 11
AGNT: 82, 0, 2, 6, 9, 6, 10
AGNT: 116, 1, 0, 3, 7
AGNT: 158, 1, 0, 2, 5
AGNT: 157, 1, 0, 2, 5, 5
AGNT: 154, 1, 0, 3, 7
AGNT: 99, 0, 2, 2, 0, 3
AGNT: 112, 1, 4, 4, 1, 3
AGNT: 28, 0, 2, 2, 6, 2, 2, 6, 7
AGNT: 142, 1, 0, 3, 7
AGNT: 7, 0, 2, 2, 0, 3
AGNT: 146, 1, 4, 1, 3
AGNT: 86, 0, 2, 6, 9, 6, 9, 6, 9
AGNT: 144, 1, 4, 1, 1, 3
AGNT: 96, 0, 2, 2, 6, 2, 2, 0, 2
AGNT: 29, 0, 2, 5, 8, 5, 5, 2
AGNT: 49, 0, 2, 2, 0, 2, 2, 5, 5
AGNT: 131, 1, 4, 4, 1, 3
AGNT: 40, 0, 2, 2, 0, 2, 5
AGNT: 80, 0, 2, 2, 0, 2, 5
AGNT: 95, 0, 2, 5, 8, 5, 5
AGNT: 47, 0, 2, 2, 5, 5, 2, 5, 5
AGNT: 41, 0, 2, 5, 8, 8, 5, 5
AGNT: 78, 0, 2, 5, 5, 8, 8, 11, 8, 8, 5
AGNT: 34, 0, 2, 5, 8, 11, 8, 8, 5
AGNT: 169, 1, 4, 7, 10, 12
AGNT: 126, 1, 3, 7, 10, 12
AGNT: 125, 1, 3, 3, 7, 10, 12
AGNT: 145, 1, 4, 4, 7, 10, 12
AGNT: 124, 1, 3, 7, 10, 12
AGNT: 62, 0, 2, 2, 3, 7, 10, 12
AGNT: 123, 1, 3, 7, 10, 12
AGNT: 6, 0, 2, 6, 10, 12
AGNT: 120, 1, 3, 7, 10, 12
AGNT: 118, 1, 3, 7, 10, 12
AGNT: 13, 0, 2, 2, 6, 9, 10, 12
AGNT: 115, 1, 3, 7, 10, 12
AGNT: 59, 0, 2, 3, 7, 10, 12
AGNT: 114, 1, 3, 3, 7, 10, 12
AGNT: 111, 1, 3, 7, 10, 12
AGNT: 60, 0, 2, 6, 10, 12
AGNT: 108, 1, 3, 7, 10, 12
AGNT: 58, 0, 2, 6, 9, 10, 12
AGNT: 107, 1, 3, 7, 10, 12
AGNT: 106, 1, 3, 7, 10, 12
AGNT: 105, 1, 3, 7, 10, 12
AGNT: 54, 0, 2, 6, 9, 12
AGNT: 51, 0, 2, 3, 7, 10, 12
AGNT: 104, 1, 3, 7, 10, 12
AGNT: 103, 1, 3, 7, 10, 12
AGNT: 102, 1, 3, 7, 10, 12
AGNT: 100, 1, 3, 7, 10, 12
AGNT: 168, 1, 3, 7, 10, 12
AGNT: 55, 0, 2, 5, 8, 11
AGNT: 25, 0, 2, 6, 9, 10, 12
AGNT: 0, 0, 3, 7, 10, 12
AGNT: 167, 1, 3, 7, 10, 12
AGNT: 5, 0, 2, 6, 10, 12
AGNT: 166, 1, 3, 7, 10, 12
AGNT: 4, 0, 2, 3, 7, 10, 12
AGNT: 52, 0, 2, 2, 6, 9, 10, 12
AGNT: 11, 0, 2, 6, 9, 12
AGNT: 165, 1, 3, 7, 10, 12
AGNT: 163, 1, 3, 7, 10, 12
AGNT: 161, 1, 3, 7, 10, 12
AGNT: 26, 0, 2, 2, 6, 10, 12
AGNT: 160, 1, 3, 7, 10, 12
AGNT: 45, 0, 2, 3, 7, 10, 12
AGNT: 159, 1, 3, 7, 10, 12
AGNT: 84, 0, 2, 6, 9, 11
AGNT: 155, 1, 3, 7, 10, 12
AGNT: 153, 1, 3, 7, 10, 12
AGNT: 151, 1, 3, 7, 10, 12
AGNT: 150, 1, 3, 3, 7, 10, 12
AGNT: 149, 1, 3, 7, 10, 12
AGNT: 3, 0, 2, 6, 7, 10, 12
AGNT: 147, 1, 3, 7, 10, 12
AGNT: 39, 0, 2, 3, 7, 10, 12
AGNT: 141, 1, 3, 7, 10, 12
AGNT: 88, 0, 2, 2, 6, 9, 12
AGNT: 140, 1, 3, 7, 10, 12
AGNT: 2, 0, 3, 7, 10, 12
AGNT: 23, 0, 2, 6, 10, 12
AGNT: 139, 1, 3, 3, 7, 10, 12
AGNT: 138, 1, 3, 7, 10, 12
AGNT: 136, 1, 3, 7, 10, 12
AGNT: 1, 0, 2, 2, 5, 8, 11
AGNT: 135, 1, 3, 7, 10, 12
AGNT: 36, 0, 2, 3, 7, 10, 12
AGNT: 134, 1, 3, 7, 10, 12
AGNT: 98, 0, 2, 2, 6, 10, 12
AGNT: 133, 1, 3, 7, 10, 12
AGNT: 132, 1, 3, 7, 10, 12
AGNT: 74, 0, 2, 3, 7, 10, 12
AGNT: 16, 0, 2, 6, 9, 11
AGNT: 129, 1, 3, 7, 10, 12
AGNT: 19, 0, 2, 6, 9, 12
AGNT: 97, 0, 2, 6, 10, 12
AGNT: 128, 1, 3, 7, 10, 12
AGNT: 127, 1, 3, 7, 10, 12
AGNT: 72, 0, 2, 2, 3, 7, 10, 12
AGNT: 122, 1, 1, 3, 7, 10, 12
AGNT: 93, 0, 2, 5, 8, 8, 11
AGNT: 37, 0, 2, 2, 6, 9, 10, 12
AGNT: 33, 0, 2, 3, 7, 10, 12
AGNT: 14, 0, 3, 7, 10, 12
AGNT: 46, 0, 2, 6, 10, 12
AGNT: 18, 0, 2, 2, 6, 9, 12
AGNT: 92, 0, 2, 2, 5, 8, 8, 11
AGNT: 61, 0, 3, 7, 10, 12
AGNT: 31, 0, 2, 6, 9, 10, 12
AGNT: 87, 0, 2, 6, 10, 12
AGNT: 73, 0, 2, 6, 9, 12
AGNT: 63, 0, 2, 6, 9, 10, 12
AGNT: 57, 0, 3, 3, 7, 10, 12
AGNT: 21, 0, 2, 5, 8, 11
AGNT: 85, 0, 2, 6, 10, 12
AGNT: 27, 0, 3, 7, 10, 12
AGNT: 56, 0, 3, 7, 10, 12
AGNT: 8, 0, 2, 6, 10, 12
AGNT: 12, 0, 3, 7, 10, 12
AGNT: 121, 1, 4, 3, 7, 10, 12
AGNT: 9, 0, 2, 5, 8, 8, 11
AGNT: 77, 0, 2, 6, 10, 12
AGNT: 53, 0, 3, 3, 7, 10, 12
AGNT: 24, 0, 3, 7, 10, 12
AGNT: 50, 0, 3, 7, 10, 12
AGNT: 69, 0, 2, 6, 10, 12
AGNT: 48, 0, 3, 7, 10, 12
AGNT: 15, 0, 2, 2, 6, 10, 12
AGNT: 10, 0, 3, 7, 10, 12
AGNT: 119, 1, 4, 3, 7, 10, 12
AGNT: 22, 0, 3, 7, 10, 12
AGNT: 94, 0, 3, 7, 10, 12
AGNT: 71, 0, 2, 5, 8, 11
AGNT: 91, 0, 3, 7, 10, 12
AGNT: 44, 0, 3, 7, 10, 12
AGNT: 90, 0, 3, 7, 10, 12
AGNT: 113, 1, 4, 3, 7, 10, 12
AGNT: 43, 0, 3, 7, 10, 12
AGNT: 20, 0, 3, 7, 10, 10, 12
AGNT: 42, 0, 3, 7, 10, 12
AGNT: 83, 0, 3, 7, 10, 12
AGNT: 64, 0, 2, 5, 5, 8, 11
AGNT: 81, 0, 3, 3, 7, 10, 12
AGNT: 79, 0, 3, 7, 10, 12
AGNT: 38, 0, 3, 7, 10, 12
AGNT: 76, 0, 3, 7, 10, 10, 12
AGNT: 109, 1, 4, 4, 3, 7, 10, 12
AGNT: 75, 0, 3, 3, 7, 10, 12
AGNT: 17, 0, 3, 7, 10, 12
AGNT: 35, 0, 3, 7, 10, 12
AGNT: 70, 0, 3, 7, 10, 12
AGNT: 67, 0, 3, 3, 7, 10, 12
AGNT: 101, 1, 4, 3, 7, 10, 12
AGNT: 32, 0, 3, 7, 10, 12
AGNT: 66, 0, 3, 7, 10, 12
AGNT: 89, 0, 2, 5, 8, 11, 8, 11
AGNT: 65, 0, 3, 7, 10, 12
AGNT: 156, 1, 4, 3, 7, 10, 12
AGNT: 152, 1, 4, 3, 7, 10, 12
AGNT: 143, 1, 4, 3, 7, 10, 12
AGNT: 137, 1, 4, 4, 3, 7, 10, 12
AGNT: 130, 1, 0, 2, 2, 3, 7, 10, 12
