EDGE: 0, 0, 0, 0
EDGE: 1, 0, 1, 0
EDGE: 2, 0, 5, 0
EDGE: 3, 1, 1, 0
EDGE: 4, 1, 0, 0
EDGE: 5, 1, 2, 0
EDGE: 6, 1, 6, 0
EDGE: 7, 2, 2, 0
EDGE: 8, 2, 1, 0
EDGE: 9, 2, 3, 0
EDGE: 10, 2, 7, 0
EDGE: 11, 3, 3, 0
EDGE: 12, 3, 2, 0
EDGE: 13, 3, 4, 0
EDGE: 14, 3, 8, 0
EDGE: 15, 4, 4, 0
EDGE: 16, 4, 3, 0
EDGE: 17, 4, 9, 0
EDGE: 18, 5, 5, 0
EDGE: 19, 5, 0, 0
EDGE: 20, 5, 6, 0
EDGE: 21, 5, 10, 0
EDGE: 22, 6, 6, 0
EDGE: 23, 6, 1, 0
EDGE: 24, 6, 5, 0
EDGE: 25, 6, 7, 0
EDGE: 26, 6, 11, 0
EDGE: 27, 7, 7, 0
EDGE: 28, 7, 2, 0
EDGE: 29, 7, 6, 0
EDGE: 30, 7, 8, 0
EDGE: 31, 7, 12, 0
EDGE: 32, 8, 8, 0
EDGE: 33, 8, 3, 0
EDGE: 34, 8, 7, 0
EDGE: 35, 8, 9, 0
EDGE: 36, 8, 13, 0
EDGE: 37, 9, 9, 0
EDGE: 38, 9, 4, 0
EDGE: 39, 9, 8, 0
EDGE: 40, 9, 14, 0
EDGE: 41, 10, 10, 0
EDGE: 42, 10, 5, 0
EDGE: 43, 10, 11, 0
EDGE: 44, 10, 15, 0
EDGE: 45, 11, 11, 0
EDGE: 46, 11, 6, 0
EDGE: 47, 11, 10, 0
EDGE: 48, 11, 12, 0
EDGE: 49, 11, 16, 0
EDGE: 50, 12, 12, 0
EDGE: 51, 12, 7, 0
EDGE: 52, 12, 11, 0
EDGE: 53, 12, 13, 0
EDGE: 54, 12, 17, 0
EDGE: 55, 13, 13, 0
EDGE: 56, 13, 8, 0
EDGE: 57, 13, 12, 0
EDGE: 58, 13, 14, 0
EDGE: 59, 13, 18, 0
EDGE: 60, 14, 14, 0
EDGE: 61, 14, 9, 0
EDGE: 62, 14, 13, 0
EDGE: 63, 14, 19, 0
EDGE: 64, 15, 15, 0
EDGE: 65, 15, 10, 0
EDGE: 66, 15, 16, 0
EDGE: 67, 15, 20, 0
EDGE: 68, 16, 16, 0
EDGE: 69, 16, 11, 0
EDGE: 70, 16, 15, 0
EDGE: 71, 16, 17, 0
EDGE: 72, 16, 21, 0
EDGE: 73, 17, 17, 0
EDGE: 74, 17, 12, 0
EDGE: 75, 17, 16, 0
EDGE: 76, 17, 18, 0
EDGE: 77, 17, 22, 0
EDGE: 78, 18, 18, 0
EDGE: 79, 18, 13, 0
EDGE: 80, 18, 17, 0
EDGE: 81, 18, 19, 0
EDGE: 82, 18, 23, 0
EDGE: 83, 19, 19, 0
EDGE: 84, 19, 14, 0
EDGE: 85, 19, 18, 0
EDGE: 86, 19, 24, 0
EDGE: 87, 20, 20, 0
EDGE: 88, 20, 15, 0
EDGE: 89, 20, 21, 0
EDGE: 90, 21, 21, 0
EDGE: 91, 21, 16, 0
EDGE: 92, 21, 20, 0
EDGE: 93, 21, 22, 0
EDGE: 94, 22, 22, 0
EDGE: 95, 22, 17, 0
EDGE: 96, 22, 21, 0
EDGE: 97, 22, 23, 0
EDGE: 98, 23, 23, 0
EDGE: 99, 23, 18, 0
EDGE: 100, 23, 22, 0
EDGE: 101, 23, 24, 0
EDGE: 102, 24, 24, 1
EDGE: 103, 24, 19, 0
EDGE: 104, 24, 23, 0
NODE: 0, 1, 0, 0, 0
PROB: 0, 0.523521
PROB: 1, 0.45717
PROB: 2, 0.019309
NODE: 1, 1, 0, 1, 0
PROB: 3, 0.350041
PROB: 4, 0.23226
PROB: 5, 0.0483482
PROB: 6, 0.369351
NODE: 2, 1, 0, 2, 0
PROB: 7, 0.0524007
PROB: 8, 0.374029
PROB: 9, 0.271912
PROB: 10, 0.301658
NODE: 3, 1, 0, 3, 0
PROB: 11, 0.0117254
PROB: 12, 0.351557
PROB: 13, 0.28952
PROB: 14, 0.347198
NODE: 4, 1, 0, 4, 0
PROB: 15, 0.22171
PROB: 16, 0.385737
PROB: 17, 0.392553
NODE: 5, 1, 0, 0, 1
PROB: 18, 0.109866
PROB: 19, 0.310186
PROB: 20, 0.325584
PROB: 21, 0.254363
NODE: 6, 1, 0, 1, 1
PROB: 22, 0.33712
PROB: 23, 0.340645
PROB: 24, 0.020205
PROB: 25, 0.0773049
PROB: 26, 0.224725
NODE: 7, 1, 0, 2, 1
PROB: 27, 0.148761
PROB: 28, 0.211185
PROB: 29, 0.235292
PROB: 30, 0.156857
PROB: 31, 0.247904
NODE: 8, 1, 0, 3, 1
PROB: 32, 0.314345
PROB: 33, 0.148551
PROB: 34, 0.144843
PROB: 35, 0.109941
PROB: 36, 0.28232
NODE: 9, 1, 0, 4, 1
PROB: 37, 0.515991
PROB: 38, 0.176299
PROB: 39, 0.153611
PROB: 40, 0.154099
NODE: 10, 1, 0, 0, 2
PROB: 41, 0.302402
PROB: 42, 0.243962
PROB: 43, 0.326803
PROB: 44, 0.126832
NODE: 11, 1, 0, 1, 2
PROB: 45, 0.298446
PROB: 46, 0.300376
PROB: 47, 0.15868
PROB: 48, 0.143875
PROB: 49, 0.0986232
NODE: 12, 1, 0, 2, 2
PROB: 50, 0.00202362
PROB: 51, 0.0572456
PROB: 52, 0.423936
PROB: 53, 0.392714
PROB: 54, 0.12408
NODE: 13, 1, 0, 3, 2
PROB: 55, 0.267136
PROB: 56, 0.251039
PROB: 57, 0.0529706
PROB: 58, 0.0886322
PROB: 59, 0.340222
NODE: 14, 1, 0, 4, 2
PROB: 60, 0.341266
PROB: 61, 0.0534545
PROB: 62, 0.338731
PROB: 63, 0.266549
NODE: 15, 1, 0, 0, 3
PROB: 64, 0.388061
PROB: 65, 0.148584
PROB: 66, 0.0518073
PROB: 67, 0.411548
NODE: 16, 1, 0, 1, 3
PROB: 68, 0.0539402
PROB: 69, 0.124232
PROB: 70, 0.291188
PROB: 71, 0.285329
PROB: 72, 0.245311
NODE: 17, 1, 0, 2, 3
PROB: 73, 0.210065
PROB: 74, 0.531254
PROB: 75, 0.130701
PROB: 76, 0.0747168
PROB: 77, 0.0532634
NODE: 18, 1, 0, 3, 3
PROB: 78, 0.0779117
PROB: 79, 0.093692
PROB: 80, 0.281786
PROB: 81, 0.106544
PROB: 82, 0.440066
NODE: 19, 1, 0, 4, 3
PROB: 83, 0.343172
PROB: 84, 0.305856
PROB: 85, 0.0974917
PROB: 86, 0.253481
NODE: 20, 1, 0, 0, 4
PROB: 87, 0.749861
PROB: 88, 0.0497818
PROB: 89, 0.200357
NODE: 21, 1, 0, 1, 4
PROB: 90, 0.375875
PROB: 91, 0.0137114
PROB: 92, 0.337454
PROB: 93, 0.272959
NODE: 22, 1, 0, 2, 4
PROB: 94, 0.0236629
PROB: 95, 0.576239
PROB: 96, 0.340773
PROB: 97, 0.0593252
NODE: 23, 1, 0, 3, 4
PROB: 98, 0.266919
PROB: 99, 0.368234
PROB: 100, 0.00200237
PROB: 101, 0.362845
NODE: 24, 1, 1, 4, 4
PROB: 102, 0.36931
PROB: 103, 0.520433
PROB: 104, 0.110256
AGNT: 43, 0, 1
AGNT: 95, 0, 1, 1
AGNT: 89, 0, 1
AGNT: 3, 0, 0, 1
AGNT: 46, 0, 1
AGNT: 69, 0, 0, 1
AGNT: 47, 0, 1
AGNT: 75, 0, 0, 1
AGNT: 97, 0, 1
AGNT: 88, 0, 0, 1
AGNT: 26, 0, 1
AGNT: 30, 0, 0, 1
AGNT: 54, 0, 1
AGNT: 6, 0, 1, 1, 1
AGNT: 14, 0, 1
AGNT: 70, 0, 1, 1, 1, 1
AGNT: 85, 0, 1, 1
AGNT: 1, 0, 0, 1, 1
AGNT: 93, 0, 1, 1
AGNT: 80, 0, 0, 1, 1
AGNT: 52, 0, 1, 1
AGNT: 57, 0, 0, 1, 1
AGNT: 13, 0, 1, 1
AGNT: 29, 0, 0, 0, 1
AGNT: 27, 0, 1, 1
AGNT: 73, 0, 0, 0, 1
AGNT: 60, 0, 1, 1
AGNT: 92, 0, 0, 0, 1
AGNT: 76, 0, 0, 1
AGNT: 11, 0, 0, 0, 1
AGNT: 7, 0, 0, 1
AGNT: 98, 0, 0, 1, 1, 1
AGNT: 82, 0, 0, 1
AGNT: 38, 0, 0, 0, 1, 1
AGNT: 44, 0, 0, 1
AGNT: 71, 0, 0, 0, 0, 1
AGNT: 90, 0, 0, 1
AGNT: 91, 0, 0, 0, 0, 1
AGNT: 96, 0, 0, 1
AGNT: 50, 0, 1, 1, 1, 1, 1
AGNT: 28, 0, 0, 1
AGNT: 99, 0, 0, 0, 1, 1, 1
AGNT: 78, 0, 1, 1, 1
AGNT: 58, 0, 0, 0, 0, 0, 1
AGNT: 51, 0, 1, 1, 1
AGNT: 12, 0, 0, 0, 0, 0, 1
AGNT: 32, 0, 0, 1, 1
AGNT: 53, 0, 0, 0, 0, 0, 0, 1
AGNT: 35, 0, 0, 1, 1
AGNT: 62, 0, 0, 0, 0, 0, 1, 1
AGNT: 65, 0, 0, 0, 1
AGNT: 2, 0, 0, 0, 0, 0, 0, 0, 0, 1
AGNT: 16, 0, 0, 0, 1
AGNT: 9, 0, 0, 0, 1
AGNT: 40, 0, 0, 0, 1
AGNT: 84, 0, 0, 0, 1
AGNT: 10, 0, 0, 0, 1
AGNT: 56, 0, 0, 0, 1
AGNT: 4, 0, 0, 1, 1, 1
AGNT: 64, 0, 0, 0, 1, 1
AGNT: 72, 0, 0, 0, 1, 1
AGNT: 45, 0, 0, 0, 0, 1
AGNT: 59, 0, 0, 0, 0, 1
AGNT: 5, 0, 0, 0, 0, 1, 1
AGNT: 67, 0, 0, 0, 0, 0, 1
AGNT: 42, 0, 1, 1, 1, 1, 1, 1
AGNT: 87, 0, 0, 0, 0, 1, 1, 1
AGNT: 41, 0, 0, 0, 0, 0, 0, 1
AGNT: 49, 0, 0, 0, 0, 1, 1, 1
AGNT: 39, 0, 0, 0, 0, 0, 1, 1
AGNT: 0, 0, 0, 0, 0, 0, 0, 0, 0, 1
AGNT: 24, 0, 0, 0, 0, 0, 1, 1, 1, 1, 1
AGNT: 79, 0, 5
AGNT: 15, 0, 1, 6, 6
AGNT: 63, 0, 1, 2, 7
AGNT: 20, 0, 1, 1, 2, 3, 8, 3
AGNT: 66, 0, 1, 6
AGNT: 55, 0, 1, 2, 1, 1, 2
AGNT: 48, 0, 0, 0, 0, 5, 5
AGNT: 21, 0, 1, 2, 3, 2
AGNT: 19, 0, 0, 0, 0, 0, 0, 1, 2, 2, 7
AGNT: 22, 0, 5
AGNT: 68, 0, 0, 0, 0, 0, 1, 2, 7, 7, 7
AGNT: 36, 0, 1, 6
AGNT: 17, 0, 1, 6, 6
AGNT: 74, 0, 1, 6
AGNT: 18, 0, 1, 6
AGNT: 37, 0, 1, 6, 6
AGNT: 77, 0, 1, 6, 6, 6
AGNT: 81, 0, 1, 6, 6
AGNT: 25, 0, 1, 1, 2, 1, 1
AGNT: 31, 0, 1, 0, 0, 0, 0, 0, 0, 1, 1, 1, 1
AGNT: 33, 0, 1, 0, 1
AGNT: 23, 0, 1, 0, 1, 1
AGNT: 8, 0, 1, 0, 0, 1
AGNT: 34, 0, 1, 1, 0, 0, 1
AGNT: 86, 0, 1, 0, 1
AGNT: 83, 0, 1, 1, 0, 1
AGNT: 94, 0, 1, 0, 1
AGNT: 61, 0, 1, 0, 1, 1
