e 0 0 0 0
e 1 0 2 0
e 2 2 0 0
e 3 1 1 0
e 4 1 4 0
e 5 4 1 0
e 6 2 2 0
e 7 2 1 0
e 8 2 3 0
e 9 1 2 0
e 10 3 2 0
e 11 3 3 0
e 12 3 6 0
e 13 6 3 0
e 14 4 4 0
e 15 4 9 0
e 16 9 4 0
e 17 5 5 0
e 18 5 2 0
e 19 2 5 0
e 20 6 6 0
e 21 6 11 0
e 22 11 6 0
e 23 7 7 0
e 24 7 9 0
e 25 7 11 0
e 26 9 7 0
e 27 11 7 0
e 28 8 8 1
e 29 9 9 0
e 30 9 8 0
e 31 9 12 0
e 32 8 9 0
e 33 12 9 0
e 34 10 10 0
e 35 10 7 0
e 36 10 9 0
e 37 10 11 0
e 38 7 10 0
e 39 9 10 0
e 40 11 10 0
e 41 11 11 0
e 42 11 13 0
e 43 13 11 0
e 44 12 12 0
e 45 12 13 0
e 46 13 12 0
e 47 13 13 1
n 0 100 0 2 0
p 0 0.743741
p 1 0.256259
n 1 100 0 1 1
p 3 0.482185
p 4 0.298501
p 9 0.219314
n 2 100 0 2 1
p 2 0.340563
p 6 0.047382
p 7 0.100009
p 8 0.0609085
p 19 0.451138
n 3 100 0 3 1
p 10 0.262557
p 11 0.382624
p 12 0.35482
n 4 100 0 1 2
p 5 0.0179225
p 14 0.273622
p 15 0.708456
n 5 100 0 2 2
p 17 0.23339
p 18 0.76661
n 6 100 0 3 2
p 13 0.322937
p 20 0.222488
p 21 0.454575
n 7 100 0 2 3
p 23 0.226713
p 24 0.0721498
p 25 0.313371
p 38 0.387766
n 8 100 0 0 4
p 28 0.666264
p 32 0.333736
n 9 100 0 1 4
p 16 0.0166926
p 26 0.12314
p 29 0.226874
p 30 0.465802
p 31 0.0468842
p 39 0.120607
n 10 100 0 2 5
p 34 0.120954
p 35 0.318233
p 36 0.214967
p 37 0.345847
n 11 100 0 3 4
p 22 0.156636
p 27 0.204308
p 40 0.198549
p 41 0.242626
p 42 0.197881
n 12 100 0 2 6
p 33 0.332305
p 44 0.270762
p 45 0.396934
n 13 100 0 3 6
p 43 0.396591
p 46 0.210431
p 47 0.392977
a 25 5 2 5 5 2 5 2 5 2 0 0 0 0 0 2 5 5 2 0 0 2 5 2 0 0 0 2 0 0 0 0 0 0
a 29 5 2 5 2 0 0 0 0 0 0 0 0 0 0 0 0 2 0 0 2 5 2 0 2 5 2 0 0 0 0 0 2 0 0 0 2 0
a 22 0 0 0 2 2 5 2 5 2 5 5 2 5 5 2 0 0 0 2 0 0 0 2 1
a 19 0 0 0 0 0 0 2 3 3 2 1 1 4
a 20 0 0 0 2 5 2 0 2 0 0 2 1 1 1 1 1 4 4 9 9
a 18 0 0 0 0 0 0 0 0 0 0 0 0 2 0 2 0 0 2 0 2 0 0 0 0 0 2 5 5 2 0 0 0 0 0 0 0 0 0 0 0 0 0 0 2 0 0 0
a 15 0 0 2 0 0 2 5 5 2 0 0 2 5 2 5 2 0 0 0 2 2 5 2 5 2 0 0 0 0 2
a 24 0 0 0 2 5 2 5 5 5 2 5 2 5 2 3 2 5 5 2 2 0 0 2
a 27 5 5 2 5 5 2 1 1 1 2 5 5 2 5 2 5 2 5 2
a 28 5 5 2 0 0 2 5 2 0 0 0 0 0 2 1 1 1 1 4
a 21 0 0 0 0 0 2 3 6 11 7
a 0 10 7 10 10 10 11 11 7 10
a 26 5 2 0 0 0 0 2 3 2 3 6
a 14 10 11 11 10 7 7 10 11 13
a 7 10 7 10 10 7 10 9
a 10 10 7 11 11 11 11 10 11 7 7
a 23 0 0 0 0 0 0 0 2 5 2 5 2 5 2 5 5 5 5 5 5 2 3 6
a 12 10 9 10 7 10 7 10
a 1 10 7 10 7 10 7
a 4 10 9 8
a 9 10 9 8
a 6 10 10 9 8
a 13 10 9 9 9 8
a 2 10 11 11 13
a 3 10 9 9 7 9 8 9 9 8
a 17 0 0 2 1 1 4 4 9 8
a 11 10 7 7 10 11 13
a 16 0 2 5 5 2 1 4 9 8
a 8 10 11 10 10 11 7 9 8
a 5 10 7 9 8 9 10 11 13
