10
10
2 0.942336 0.057664
5 0.038927 0.000000 0.265205 0.325852 0.370016
3 0.442388 0.126037 0.431575
5 0.018956 0.000000 0.652588 0.060981 0.267474
3 0.455313 0.010692 0.533994
4 0.442778 0.000000 0.000000 0.557222
4 0.107651 0.084488 0.215404 0.592456
4 0.688271 0.000000 0.000000 0.311729
3 0.948359 0.051641 0.000000
3 1.000000 0.000000 0.000000
10
2 0.920822 0.079178
5 0.039385 0.000000 0.256553 0.329688 0.374373
3 0.474923 0.080128 0.444949
5 0.218516 0.000000 0.519841 0.048577 0.213066
3 0.480006 0.000000 0.519994
4 0.440715 0.000000 0.000000 0.559285
4 0.083189 0.202165 0.256818 0.457828
4 0.689593 0.000000 0.000000 0.310407
3 1.000000 0.000000 0.000000
3 1.000000 0.000000 0.000000
10
2 0.942336 0.057664
5 0.039385 0.000000 0.256553 0.329688 0.374373
3 0.473580 0.134924 0.391497
5 0.018956 0.000000 0.652588 0.060981 0.267474
3 0.472972 0.000000 0.527028
4 0.442778 0.000000 0.000000 0.557222
4 0.107651 0.084488 0.215404 0.592456
4 0.688271 0.000000 0.000000 0.311729
3 0.945303 0.054697 0.000000
3 1.000000 0.000000 0.000000
10
2 1.000000 0.000000
5 0.123198 0.000000 0.337076 0.252736 0.286990
3 0.446104 0.125197 0.428699
5 0.020187 0.000000 0.694968 0.000000 0.284844
3 0.409400 0.038824 0.551775
4 0.406841 0.000000 0.000000 0.593159
4 0.082962 0.294457 0.166002 0.456579
4 0.753357 0.000000 0.000000 0.246643
3 0.949208 0.050792 0.000000
3 1.000000 0.000000 0.000000
10
2 0.959029 0.040971
5 0.175661 0.000000 0.278218 0.140133 0.405987
3 0.482307 0.117014 0.400679
5 0.018101 0.000000 0.623134 0.058229 0.300536
3 0.460164 0.034355 0.505481
4 0.463039 0.000000 0.000000 0.536961
4 0.069208 0.168189 0.381719 0.380884
4 0.758686 0.000000 0.000000 0.241314
3 0.932134 0.067866 0.000000
3 1.000000 0.000000 0.000000
10
2 0.957342 0.042658
5 0.127915 0.000000 0.202595 0.373854 0.295636
3 0.482307 0.117014 0.400679
5 0.018101 0.000000 0.623134 0.058229 0.300536
3 0.449529 0.033561 0.516909
4 0.463039 0.000000 0.000000 0.536961
4 0.069208 0.168189 0.381719 0.380884
4 0.758686 0.000000 0.000000 0.241314
3 0.932134 0.067866 0.000000
3 1.000000 0.000000 0.000000
10
2 0.942336 0.057664
5 0.039385 0.000000 0.256553 0.329688 0.374373
3 0.494219 0.114322 0.391459
5 0.018956 0.000000 0.652588 0.060981 0.267474
3 0.460234 0.000000 0.539766
4 0.442778 0.000000 0.000000 0.557222
4 0.108513 0.077164 0.217127 0.597196
4 0.688271 0.000000 0.000000 0.311729
3 0.944293 0.055707 0.000000
3 1.000000 0.000000 0.000000
10
2 0.939762 0.060238
5 0.032845 0.000000 0.313065 0.341882 0.312208
3 0.482307 0.117014 0.400679
5 0.018956 0.000000 0.652588 0.060981 0.267474
3 0.460234 0.000000 0.539766
4 0.433578 0.000000 0.000000 0.566422
4 0.087344 0.212264 0.219694 0.480698
4 0.689593 0.000000 0.000000 0.310407
3 0.932134 0.067866 0.000000
3 1.000000 0.000000 0.000000
10
2 0.915801 0.084199
5 0.123198 0.000000 0.337076 0.252736 0.286990
3 0.446104 0.125197 0.428699
5 0.022778 0.000000 0.582550 0.073275 0.321397
3 0.477828 0.045313 0.476859
4 0.468748 0.000000 0.000000 0.531252
4 0.066001 0.299903 0.169072 0.465024
4 0.753357 0.000000 0.000000 0.246643
3 0.952804 0.047197 0.000000
3 1.000000 0.000000 0.000000
10
2 0.939762 0.060238
5 0.035202 0.000000 0.335525 0.294668 0.334606
3 0.513174 0.060503 0.426322
5 0.018956 0.000000 0.652588 0.060981 0.267474
3 0.460769 0.000000 0.539231
4 0.433578 0.000000 0.000000 0.566422
4 0.087344 0.212264 0.219694 0.480698
4 0.689593 0.000000 0.000000 0.310407
3 0.932134 0.067866 0.000000
3 1.000000 0.000000 0.000000
