10
10
2 0.536406 0.463594
5 0.197317 0.202408 0.195327 0.027697 0.377251
3 0.416247 0.409366 0.174387
5 0.070862 0.000000 0.398992 0.183093 0.347053
3 0.433111 0.000000 0.566889
4 0.567511 0.000000 0.000000 0.432489
4 0.195109 0.029549 0.251003 0.524338
4 0.713797 0.056663 0.000000 0.229540
3 0.843431 0.083894 0.072675
3 0.950293 0.000000 0.049707
10
2 0.536406 0.463594
5 0.200988 0.318406 0.068126 0.028212 0.384268
3 0.416247 0.409366 0.174387
5 0.070862 0.000000 0.398992 0.183093 0.347053
3 0.472815 0.000000 0.527185
4 0.564935 0.000000 0.000000 0.435065
4 0.197620 0.029930 0.241364 0.531087
4 0.666357 0.119358 0.000000 0.214285
3 0.884940 0.038809 0.076251
3 0.950293 0.000000 0.049707
10
2 0.525499 0.474501
5 0.233828 0.239861 0.079257 0.000000 0.447054
3 0.416247 0.409366 0.174387
5 0.086745 0.000000 0.488418 0.000000 0.424838
3 0.445501 0.000000 0.554499
4 0.564935 0.000000 0.000000 0.435065
4 0.195109 0.029549 0.251003 0.524338
4 0.713797 0.056663 0.000000 0.229540
3 0.902101 0.033021 0.064878
3 0.909845 0.000000 0.090155
10
2 0.492404 0.507596
5 0.226397 0.232238 0.076739 0.031779 0.432848
3 0.416247 0.409366 0.174387
5 0.089981 0.000000 0.506640 0.232491 0.170888
3 0.419815 0.057656 0.522529
4 0.573824 0.000000 0.000000 0.426176
4 0.195109 0.029549 0.251003 0.524338
4 0.713797 0.056663 0.000000 0.229540
3 0.957987 0.042012 0.000000
3 0.953426 0.000000 0.046574
10
2 0.536406 0.463594
5 0.242512 0.177588 0.082201 0.034041 0.463658
3 0.421952 0.414977 0.163071
5 0.070862 0.000000 0.398992 0.183093 0.347053
3 0.535079 0.000000 0.464921
4 0.564935 0.000000 0.000000 0.435065
4 0.196985 0.020216 0.253418 0.529381
4 0.739738 0.022380 0.000000 0.237882
3 0.862582 0.063094 0.074325
3 0.950293 0.000000 0.049707
10
2 0.536406 0.463594
5 0.245214 0.251541 0.000000 0.034420 0.468825
3 0.416247 0.409366 0.174387
5 0.071419 0.000000 0.402128 0.184532 0.341920
3 0.445501 0.000000 0.554499
4 0.564935 0.000000 0.000000 0.435065
4 0.195109 0.029549 0.251003 0.524338
4 0.704077 0.069508 0.000000 0.226415
3 0.893304 0.035988 0.070708
3 0.941860 0.008874 0.049266
10
2 0.440374 0.559626
5 0.172028 0.248560 0.082132 0.034012 0.463268
3 0.422495 0.400500 0.177005
5 0.073130 0.000000 0.411761 0.188953 0.326156
3 0.445501 0.000000 0.554499
4 0.564935 0.000000 0.000000 0.435065
4 0.167923 0.030548 0.259481 0.542048
4 0.735832 0.027542 0.000000 0.236626
3 0.879881 0.040515 0.079604
3 0.894398 0.058819 0.046783
10
2 0.310151 0.689849
5 0.226397 0.232238 0.076739 0.031779 0.432848
3 0.416247 0.409366 0.174387
5 0.070862 0.000000 0.398992 0.183093 0.347053
3 0.445501 0.000000 0.554499
4 0.572625 0.000000 0.000000 0.427375
4 0.195109 0.029549 0.251003 0.524338
4 0.756672 0.000000 0.000000 0.243328
3 0.957987 0.042012 0.000000
3 0.950293 0.000000 0.049707
10
2 0.536406 0.463594
5 0.226397 0.232238 0.076739 0.031779 0.432848
3 0.388988 0.382557 0.228456
5 0.066575 0.000000 0.435353 0.172016 0.326056
3 0.445501 0.000000 0.554499
4 0.543239 0.038406 0.000000 0.418355
4 0.195109 0.029549 0.251003 0.524338
4 0.713797 0.056663 0.000000 0.229540
3 0.884940 0.038809 0.076251
3 0.950293 0.000000 0.049707
10
2 0.472286 0.527714
5 0.279082 0.225693 0.074576 0.000000 0.420649
3 0.365648 0.477841 0.156510
5 0.070862 0.000000 0.398992 0.183093 0.347053
3 0.414002 0.000000 0.585998
4 0.564935 0.000000 0.000000 0.435065
4 0.313847 0.025190 0.213975 0.446988
4 0.706709 0.058066 0.000000 0.235225
3 0.890670 0.036876 0.072453
3 0.950410 0.000000 0.049590
