10
10
2 0.468161 0.531839
5 0.296197 0.103621 0.000000 0.091892 0.508290
3 0.302646 0.345802 0.351552
5 0.123850 0.003319 0.379369 0.212209 0.281254
3 0.766786 0.000000 0.233214
4 0.439568 0.114499 0.185660 0.260273
4 0.205708 0.028720 0.334139 0.431433
4 0.652891 0.052162 0.241471 0.053476
3 0.777891 0.028171 0.193937
3 0.728763 0.271237 0.000000
10
2 0.487925 0.512075
5 0.243586 0.247822 0.000000 0.046699 0.461893
3 0.402753 0.300255 0.296992
5 0.128964 0.020496 0.336699 0.220972 0.292869
3 0.824036 0.000000 0.175964
4 0.397398 0.128607 0.208536 0.265459
4 0.187793 0.028441 0.305039 0.478727
4 0.668571 0.053415 0.247271 0.030743
3 0.800441 0.000000 0.199559
3 0.741954 0.258046 0.000000
10
2 0.487925 0.512075
5 0.262448 0.241642 0.000000 0.045534 0.450375
3 0.450825 0.276088 0.273087
5 0.128964 0.020496 0.336699 0.220972 0.292869
3 0.824610 0.000000 0.175390
4 0.407022 0.131722 0.213586 0.247670
4 0.205208 0.031079 0.333328 0.430385
4 0.689777 0.055109 0.255114 0.000000
3 0.800441 0.000000 0.199559
3 0.741954 0.258046 0.000000
10
2 0.509093 0.490907
5 0.262448 0.241642 0.000000 0.045534 0.450375
3 0.402753 0.300255 0.296992
5 0.128698 0.020453 0.336005 0.222579 0.292265
3 0.824610 0.000000 0.175390
4 0.424063 0.059607 0.222529 0.293801
4 0.205208 0.031079 0.333328 0.430385
4 0.668571 0.053415 0.247271 0.030743
3 0.801525 0.000000 0.198475
3 0.772679 0.227321 0.000000
10
2 0.461480 0.538520
5 0.241850 0.222677 0.000000 0.120446 0.415027
3 0.424738 0.278276 0.296986
5 0.121233 0.000000 0.316015 0.287875 0.274878
3 0.730969 0.000000 0.269031
4 0.421609 0.109821 0.233462 0.235109
4 0.304175 0.027209 0.291822 0.376794
4 0.618302 0.049399 0.228679 0.103620
3 0.800441 0.000000 0.199559
3 0.685628 0.314372 0.000000
10
2 0.583300 0.416700
5 0.262448 0.241642 0.000000 0.045534 0.450375
3 0.390027 0.322366 0.287607
5 0.151843 0.024132 0.396432 0.082767 0.344826
3 0.824610 0.000000 0.175390
4 0.437121 0.141462 0.229381 0.192036
4 0.205208 0.031079 0.333328 0.430385
4 0.668571 0.053415 0.247271 0.030743
3 0.876922 0.000000 0.123078
3 0.824397 0.175603 0.000000
10
2 0.528408 0.471592
5 0.223716 0.229488 0.075830 0.043244 0.427722
3 0.505259 0.349386 0.145355
5 0.122736 0.000000 0.320438 0.278101 0.278725
3 0.661214 0.000000 0.338786
4 0.371927 0.096880 0.157090 0.374103
4 0.205208 0.031079 0.333328 0.430385
4 0.668571 0.053415 0.247271 0.030743
3 0.899658 0.000000 0.100342
3 0.738018 0.261982 0.000000
10
2 0.461480 0.538520
5 0.241850 0.222677 0.000000 0.120446 0.415027
3 0.380113 0.354103 0.265784
5 0.121065 0.000000 0.316075 0.287929 0.274930
3 0.729462 0.000000 0.270538
4 0.421609 0.109821 0.233462 0.235109
4 0.184607 0.031884 0.341968 0.441541
4 0.668571 0.053415 0.247271 0.030743
3 0.800441 0.000000 0.199559
3 0.727747 0.272253 0.000000
10
2 0.468161 0.531839
5 0.334133 0.034505 0.000000 0.057972 0.573390
3 0.302646 0.345802 0.351552
5 0.120741 0.000000 0.369847 0.235217 0.274195
3 0.766786 0.000000 0.233214
4 0.340664 0.134706 0.218425 0.306205
4 0.180526 0.025204 0.415652 0.378619
4 0.668571 0.053415 0.247271 0.030743
3 0.773415 0.028739 0.197846
3 0.685628 0.314372 0.000000
10
2 0.448539 0.551461
5 0.241850 0.222677 0.000000 0.120446 0.415027
3 0.418934 0.288137 0.292928
5 0.121065 0.000000 0.316075 0.287929 0.274930
3 0.729462 0.000000 0.270538
4 0.421609 0.109821 0.233462 0.235109
4 0.177192 0.030604 0.328232 0.463973
4 0.673986 0.053848 0.249273 0.022893
3 0.800441 0.000000 0.199559
3 0.667505 0.306062 0.026433
