10
10
2 0.552096 0.447904
5 0.589991 0.000000 0.049671 0.029084 0.331254
3 0.613233 0.000000 0.386767
5 0.274439 0.000000 0.113122 0.084645 0.527794
3 0.333928 0.001210 0.664863
4 0.598737 0.000000 0.000000 0.401263
4 0.434901 0.000000 0.565099 0.000000
4 0.285879 0.000000 0.000000 0.714121
3 1.000000 0.000000 0.000000
3 1.000000 0.000000 0.000000
10
2 0.557247 0.442753
5 0.584649 0.000000 0.050318 0.029463 0.335570
3 0.491556 0.000000 0.508444
5 0.274439 0.000000 0.113122 0.084645 0.527794
3 0.327313 0.001222 0.671465
4 0.589962 0.000000 0.014655 0.395383
4 0.371688 0.000000 0.628312 0.000000
4 0.191453 0.000000 0.000000 0.808547
3 1.000000 0.000000 0.000000
3 1.000000 0.000000 0.000000
10
2 0.589662 0.410338
5 0.584649 0.000000 0.050318 0.029463 0.335570
3 0.557389 0.000000 0.442611
5 0.274836 0.000000 0.113285 0.083323 0.528556
3 0.273621 0.001319 0.725060
4 0.668354 0.000000 0.000000 0.331646
4 0.371688 0.000000 0.628312 0.000000
4 0.115953 0.000000 0.000000 0.884047
3 1.000000 0.000000 0.000000
3 0.969898 0.030102 0.000000
10
2 0.589662 0.410338
5 0.584649 0.000000 0.050318 0.029463 0.335570
3 0.594522 0.000000 0.405478
5 0.259463 0.000000 0.162884 0.078662 0.498991
3 0.273621 0.001319 0.725060
4 0.598737 0.000000 0.000000 0.401263
4 0.371688 0.000000 0.628312 0.000000
4 0.118070 0.000000 0.000000 0.881930
3 1.000000 0.000000 0.000000
3 0.967304 0.032696 0.000000
10
2 0.587267 0.412733
5 0.487626 0.000000 0.161607 0.070884 0.279882
3 0.696397 0.000000 0.303603
5 0.240987 0.017258 0.110940 0.167356 0.463459
3 0.407140 0.001378 0.591482
4 0.570243 0.000000 0.000000 0.429757
4 0.439829 0.000000 0.560171 0.000000
4 0.265119 0.000000 0.000000 0.734881
3 1.000000 0.000000 0.000000
3 0.961548 0.000000 0.038452
10
2 0.524965 0.475035
5 0.489485 0.000000 0.162223 0.013979 0.334313
3 0.670515 0.000000 0.329485
5 0.245219 0.000000 0.112889 0.170295 0.471598
3 0.456419 0.000000 0.543581
4 0.553774 0.000000 0.018398 0.427829
4 0.434921 0.000246 0.564832 0.000000
4 0.285879 0.000000 0.000000 0.714121
3 1.000000 0.000000 0.000000
3 1.000000 0.000000 0.000000
10
2 0.588932 0.411068
5 0.592344 0.000000 0.049386 0.028917 0.329353
3 0.667166 0.000000 0.332834
5 0.266107 0.000000 0.140048 0.082075 0.511770
3 0.334332 0.000000 0.665668
4 0.598737 0.000000 0.000000 0.401263
4 0.434901 0.000000 0.565099 0.000000
4 0.285879 0.000000 0.000000 0.714121
3 1.000000 0.000000 0.000000
3 1.000000 0.000000 0.000000
10
2 0.552096 0.447904
5 0.584649 0.000000 0.050318 0.029463 0.335570
3 0.613233 0.000000 0.386767
5 0.274439 0.000000 0.113122 0.084645 0.527794
3 0.334332 0.000000 0.665668
4 0.598737 0.000000 0.000000 0.401263
4 0.434901 0.000000 0.565099 0.000000
4 0.285879 0.000000 0.000000 0.714121
3 1.000000 0.000000 0.000000
3 1.000000 0.000000 0.000000
10
2 0.552096 0.447904
5 0.615626 0.000000 0.000000 0.031024 0.353350
3 0.613233 0.000000 0.386767
5 0.274439 0.000000 0.113122 0.084645 0.527794
3 0.413133 0.001066 0.585801
4 0.598737 0.000000 0.000000 0.401263
4 0.434901 0.000000 0.565099 0.000000
4 0.285879 0.000000 0.000000 0.714121
3 1.000000 0.000000 0.000000
3 0.938696 0.061304 0.000000
10
2 0.623950 0.376049
5 0.569623 0.000000 0.049025 0.028706 0.352646
3 0.654701 0.000000 0.345299
5 0.274439 0.000000 0.113122 0.084645 0.527794
3 0.333928 0.001210 0.664863
4 0.598737 0.000000 0.000000 0.401263
4 0.434901 0.000000 0.565099 0.000000
4 0.285879 0.000000 0.000000 0.714121
3 1.000000 0.000000 0.000000
3 1.000000 0.000000 0.000000
