10
10
2 0.487329 0.512671
5 0.142342 0.280573 0.015758 0.038393 0.522935
3 0.534140 0.004319 0.461541
5 0.000000 0.000000 0.533837 0.111456 0.354706
3 0.537414 0.013241 0.449346
4 0.447560 0.000000 0.000000 0.552440
4 0.144021 0.042318 0.269220 0.544441
4 0.748844 0.000000 0.000000 0.251156
3 0.901412 0.016689 0.081899
3 0.965974 0.034026 0.000000
10
2 0.450955 0.549045
5 0.100929 0.275074 0.015449 0.095863 0.512686
3 0.534140 0.004319 0.461541
5 0.000000 0.000000 0.614027 0.055311 0.330662
3 0.478071 0.013165 0.508764
4 0.367802 0.000000 0.000000 0.632198
4 0.171771 0.050472 0.128412 0.649345
4 0.776838 0.000000 0.000000 0.223162
3 0.901412 0.016689 0.081899
3 0.891710 0.029262 0.079028
10
2 0.460977 0.539023
5 0.112507 0.290333 0.016306 0.039728 0.541126
3 0.534140 0.004319 0.461541
5 0.000000 0.000000 0.533837 0.111456 0.354706
3 0.509655 0.014035 0.476310
4 0.447560 0.000000 0.000000 0.552440
4 0.141082 0.041454 0.284136 0.533328
4 0.784621 0.000000 0.000000 0.215379
3 0.901412 0.016689 0.081899
3 0.836093 0.029451 0.134456
10
2 0.462594 0.537406
5 0.111630 0.304239 0.017087 0.000000 0.567044
3 0.601108 0.004861 0.394031
5 0.000000 0.000000 0.533837 0.111456 0.354706
3 0.509655 0.014035 0.476310
4 0.447560 0.000000 0.000000 0.552440
4 0.148071 0.043508 0.248670 0.559751
4 0.792154 0.000000 0.000000 0.207846
3 0.901412 0.016689 0.081899
3 0.965974 0.034026 0.000000
10
2 0.462594 0.537406
5 0.107169 0.292079 0.016404 0.039967 0.544381
3 0.483641 0.004787 0.511571
5 0.000000 0.000000 0.533837 0.111456 0.354706
3 0.509655 0.014035 0.476310
4 0.447560 0.000000 0.000000 0.552440
4 0.246555 0.037249 0.236971 0.479225
4 0.784621 0.000000 0.000000 0.215379
3 0.916711 0.000000 0.083289
3 0.965974 0.034026 0.000000
10
2 0.437834 0.562166
5 0.112039 0.250260 0.017149 0.051429 0.569122
3 0.534140 0.004319 0.461541
5 0.000000 0.000000 0.614027 0.055311 0.330662
3 0.509655 0.014035 0.476310
4 0.309247 0.000000 0.000000 0.690753
4 0.141416 0.169427 0.154563 0.534594
4 0.789614 0.000000 0.000000 0.210385
3 0.901412 0.016689 0.081899
3 0.994650 0.005350 0.000000
10
2 0.453993 0.546007
5 0.106189 0.289409 0.016254 0.048744 0.539404
3 0.569192 0.004603 0.426206
5 0.028045 0.000000 0.596807 0.053760 0.321389
3 0.532923 0.013369 0.453708
4 0.367802 0.000000 0.000000 0.632198
4 0.168487 0.047285 0.175885 0.608343
4 0.789614 0.000000 0.000000 0.210385
3 0.890372 0.018558 0.091070
3 0.967630 0.032370 0.000000
10
2 0.396123 0.603877
5 0.106189 0.289409 0.016254 0.048744 0.539404
3 0.534140 0.004319 0.461541
5 0.000000 0.000000 0.628278 0.056595 0.315128
3 0.509655 0.014035 0.476310
4 0.367802 0.000000 0.000000 0.632198
4 0.162151 0.047645 0.177225 0.612978
4 0.789614 0.000000 0.000000 0.210385
3 0.859081 0.015905 0.125014
3 0.954501 0.045499 0.000000
10
2 0.658422 0.341578
5 0.214243 0.219771 0.012343 0.144033 0.409611
3 0.490506 0.139968 0.369525
5 0.064105 0.000000 0.620331 0.008662 0.306902
3 0.408329 0.000000 0.591671
4 0.424839 0.000000 0.000000 0.575161
4 0.073210 0.118129 0.199939 0.608723
4 0.784755 0.000000 0.000000 0.215245
3 0.808529 0.134016 0.057455
3 0.963154 0.036846 0.000000
10
2 0.462594 0.537406
5 0.106189 0.289409 0.016254 0.048744 0.539404
3 0.556477 0.004112 0.439411
5 0.000000 0.000000 0.614027 0.055311 0.330662
3 0.509655 0.014035 0.476310
4 0.354957 0.000000 0.000000 0.645043
4 0.162151 0.047645 0.177225 0.612978
4 0.801638 0.000000 0.000000 0.198362
3 0.901412 0.016689 0.081899
3 0.858824 0.028183 0.112993
