10
10
2 0.688717 0.311283
5 0.000000 0.000000 0.310090 0.347669 0.342240
3 0.547781 0.000000 0.452220
5 0.218568 0.000000 0.436573 0.064027 0.280832
3 0.482338 0.000000 0.517662
4 0.511130 0.000000 0.000000 0.488870
4 0.215568 0.227631 0.041302 0.515499
4 0.689593 0.000000 0.000000 0.310407
3 1.000000 0.000000 0.000000
3 1.000000 0.000000 0.000000
10
2 0.710389 0.289611
5 0.000000 0.000000 0.293755 0.329354 0.376891
3 0.561973 0.000000 0.438027
5 0.166585 0.000000 0.465615 0.068286 0.299514
3 0.496949 0.000000 0.503051
4 0.511130 0.000000 0.000000 0.488870
4 0.215568 0.227631 0.041302 0.515499
4 0.689347 0.000000 0.000000 0.310653
3 1.000000 0.000000 0.000000
3 1.000000 0.000000 0.000000
10
2 0.730635 0.269365
5 0.000000 0.000000 0.310090 0.347669 0.342240
3 0.557953 0.000000 0.442047
5 0.178794 0.000000 0.499740 0.000000 0.321466
3 0.487883 0.000000 0.512117
4 0.511130 0.000000 0.000000 0.488870
4 0.215568 0.227631 0.041302 0.515499
4 0.689593 0.000000 0.000000 0.310407
3 1.000000 0.000000 0.000000
3 1.000000 0.000000 0.000000
10
2 0.695773 0.304227
5 0.000000 0.000000 0.310090 0.347669 0.342240
3 0.557953 0.000000 0.442047
5 0.166585 0.000000 0.465615 0.068286 0.299514
3 0.482338 0.000000 0.517662
4 0.556087 0.000000 0.000000 0.443913
4 0.215568 0.227631 0.041302 0.515499
4 0.689593 0.000000 0.000000 0.310407
3 1.000000 0.000000 0.000000
3 1.000000 0.000000 0.000000
10
2 0.798738 0.201262
5 0.039877 0.000000 0.297725 0.333805 0.328593
3 0.476694 0.000000 0.523306
5 0.005416 0.000000 0.573489 0.053590 0.367505
3 0.407528 0.000000 0.592472
4 0.390331 0.000000 0.000000 0.609669
4 0.238759 0.144542 0.045745 0.570954
4 0.673712 0.000000 0.000000 0.326288
3 1.000000 0.000000 0.000000
3 1.000000 0.000000 0.000000
10
2 0.704144 0.295856
5 0.000000 0.000000 0.310090 0.347669 0.342240
3 0.557953 0.000000 0.442047
5 0.166585 0.000000 0.465615 0.068286 0.299514
3 0.482338 0.000000 0.517662
4 0.506527 0.009006 0.000000 0.484467
4 0.215568 0.227631 0.041302 0.515499
4 0.689593 0.000000 0.000000 0.310407
3 1.000000 0.000000 0.000000
3 1.000000 0.000000 0.000000
10
2 0.800039 0.199961
5 0.000000 0.000000 0.310090 0.347669 0.342240
3 0.540249 0.031729 0.428022
5 0.129506 0.000000 0.584560 0.053087 0.232847
3 0.396118 0.000000 0.603882
4 0.552404 0.000000 0.000000 0.447596
4 0.196853 0.207869 0.124534 0.470744
4 0.689593 0.000000 0.000000 0.310407
3 1.000000 0.000000 0.000000
3 1.000000 0.000000 0.000000
10
2 0.755930 0.244070
5 0.000000 0.000000 0.310090 0.347669 0.342240
3 0.498789 0.000000 0.501211
5 0.000000 0.000000 0.576612 0.053882 0.369506
3 0.370332 0.000000 0.629668
4 0.438556 0.000000 0.000000 0.561444
4 0.234286 0.160566 0.044888 0.560259
4 0.689593 0.000000 0.000000 0.310407
3 1.000000 0.000000 0.000000
3 1.000000 0.000000 0.000000
10
2 0.805729 0.194271
5 0.000000 0.000000 0.224623 0.390739 0.384638
3 0.515165 0.000000 0.484835
5 0.129506 0.000000 0.584560 0.053087 0.232847
3 0.434985 0.000000 0.565015
4 0.552404 0.000000 0.000000 0.447596
4 0.196853 0.207869 0.124534 0.470744
4 0.689593 0.000000 0.000000 0.310407
3 1.000000 0.000000 0.000000
3 1.000000 0.000000 0.000000
10
2 0.791457 0.208543
5 0.000000 0.000000 0.289575 0.358007 0.352417
3 0.498789 0.000000 0.501211
5 0.116175 0.000000 0.509624 0.047622 0.326579
3 0.397646 0.000000 0.602354
4 0.518035 0.000000 0.000000 0.481965
4 0.234286 0.160566 0.044888 0.560259
4 0.689593 0.000000 0.000000 0.310407
3 1.000000 0.000000 0.000000
3 1.000000 0.000000 0.000000
