100
14
2 0.743741 0.256259
3 0.482185 0.298501 0.219314
5 0.340563 0.047382 0.100009 0.060909 0.451138
3 0.262557 0.382624 0.354820
3 0.017923 0.273622 0.708456
2 0.233390 0.766610
3 0.322937 0.222488 0.454575
4 0.226713 0.072150 0.313371 0.387766
2 0.666264 0.333736
6 0.016693 0.123140 0.226874 0.465802 0.046884 0.120607
4 0.120954 0.318233 0.214967 0.345847
5 0.156636 0.204308 0.198549 0.242626 0.197881
3 0.332305 0.270762 0.396934
3 0.396591 0.210431 0.392977
14
2 0.541415 0.458585
3 0.467354 0.207106 0.325541
5 0.174945 0.169050 0.266841 0.220030 0.169134
3 0.202944 0.375389 0.421667
3 0.206848 0.399978 0.393175
2 0.161711 0.838289
3 0.067895 0.410056 0.522049
4 0.180800 0.235075 0.316695 0.267430
2 0.987828 0.012172
6 0.131623 0.281326 0.072649 0.127612 0.155977 0.230813
4 0.288593 0.180778 0.399904 0.130724
5 0.037105 0.326154 0.025613 0.352922 0.258206
3 0.092256 0.057873 0.849872
3 0.290222 0.080323 0.629455
14
2 0.532453 0.467547
3 0.417241 0.354644 0.228116
5 0.175748 0.321779 0.215953 0.224700 0.061820
3 0.584790 0.372590 0.042620
3 0.070580 0.606467 0.322954
2 0.383847 0.616153
3 0.144209 0.669336 0.186455
4 0.077095 0.521119 0.368359 0.033427
2 0.928329 0.071671
6 0.121908 0.123385 0.237227 0.228390 0.015461 0.273630
4 0.223771 0.230252 0.366636 0.179341
5 0.120826 0.266056 0.171188 0.188752 0.253178
3 0.340022 0.320255 0.339723
3 0.383185 0.313365 0.303450
14
2 0.192752 0.807248
3 0.071841 0.485812 0.442347
5 0.430976 0.027191 0.205092 0.272062 0.064679
3 0.884601 0.032395 0.083005
3 0.497073 0.417185 0.085743
2 0.515898 0.484102
3 0.441166 0.131206 0.427627
4 0.377420 0.103483 0.149341 0.369756
2 0.452198 0.547802
6 0.094164 0.124697 0.261325 0.250412 0.211557 0.057846
4 0.182861 0.197302 0.354706 0.265132
5 0.186307 0.271240 0.238703 0.221826 0.081923
3 0.281592 0.145033 0.573374
3 0.153078 0.573491 0.273430
14
2 0.308413 0.691587
3 0.567541 0.269709 0.162750
5 0.261468 0.126855 0.326489 0.123542 0.161646
3 0.018028 0.451682 0.530289
3 0.366902 0.411592 0.221506
2 0.526383 0.473617
3 0.310848 0.374300 0.314852
4 0.268389 0.354793 0.014312 0.362506
2 0.542474 0.457526
6 0.088216 0.037355 0.176301 0.279546 0.174445 0.244137
4 0.311055 0.230307 0.235694 0.222945
5 0.281442 0.164050 0.175654 0.081613 0.297241
3 0.220594 0.479205 0.300201
3 0.052313 0.890067 0.057621
14
2 0.686502 0.313498
3 0.266654 0.191308 0.542038
5 0.180118 0.205104 0.028713 0.305553 0.280512
3 0.325385 0.367997 0.306618
3 0.114519 0.374788 0.510693
2 0.490853 0.509147
3 0.214899 0.732930 0.052171
4 0.088911 0.470260 0.238685 0.202144
2 0.935136 0.064864
6 0.031813 0.155508 0.234573 0.210310 0.312276 0.055519
4 0.189036 0.057703 0.510922 0.242340
5 0.118546 0.069321 0.359242 0.439437 0.013454
3 0.308243 0.569594 0.122162
3 0.386282 0.359316 0.254402
14
2 0.511133 0.488867
3 0.350529 0.384674 0.264798
5 0.023719 0.109555 0.239222 0.415072 0.212433
3 0.279838 0.594955 0.125207
3 0.376820 0.155560 0.467621
2 0.544604 0.455396
3 0.234820 0.741074 0.024106
4 0.256580 0.152448 0.457156 0.133816
2 0.574889 0.425111
6 0.199349 0.072466 0.305632 0.265037 0.139218 0.018298
4 0.021997 0.100662 0.559269 0.318072
5 0.230580 0.065748 0.314068 0.195081 0.194523
3 0.323208 0.244852 0.431939
3 0.719714 0.238618 0.041669
14
2 0.356104 0.643896
3 0.030032 0.476077 0.493890
5 0.135498 0.361666 0.230242 0.155753 0.116842
3 0.335694 0.438097 0.226209
3 0.121937 0.203330 0.674733
2 0.844841 0.155159
3 0.044639 0.629811 0.325550
4 0.172875 0.273857 0.253870 0.299397
2 0.213604 0.786396
6 0.044092 0.279885 0.240053 0.044314 0.186272 0.205384
4 0.345865 0.191548 0.312502 0.150084
5 0.060905 0.073751 0.279054 0.324883 0.261406
3 0.229577 0.472410 0.298013
3 0.331516 0.143349 0.525135
14
2 0.856138 0.143862
3 0.047499 0.499017 0.453484
5 0.090877 0.227461 0.325100 0.097668 0.258894
3 0.095197 0.394377 0.510427
3 0.446124 0.485667 0.068209
2 0.515215 0.484785
3 0.250707 0.283801 0.465492
4 0.203894 0.307404 0.146309 0.342393
2 0.491648 0.508352
6 0.079083 0.270157 0.120232 0.213443 0.017228 0.299857
4 0.412707 0.134750 0.422789 0.029754
5 0.078644 0.265414 0.371083 0.160673 0.124185
3 0.118041 0.201417 0.680542
3 0.301240 0.246955 0.451805
14
2 0.825620 0.174380
3 0.072891 0.606688 0.320421
5 0.222766 0.155340 0.270194 0.180915 0.170785
3 0.318495 0.419942 0.261563
3 0.721283 0.051121 0.227596
2 0.310475 0.689525
3 0.110268 0.329399 0.560333
4 0.418977 0.105084 0.057724 0.418216
2 0.637832 0.362168
6 0.030176 0.133257 0.026147 0.212868 0.298785 0.298766
4 0.236731 0.220068 0.285446 0.257756
5 0.059759 0.316446 0.072687 0.303237 0.247871
3 0.347512 0.450613 0.201874
3 0.572834 0.279385 0.147781
14
2 0.023877 0.976123
3 0.495903 0.038438 0.465660
5 0.347808 0.045802 0.157159 0.256858 0.192374
3 0.565968 0.247315 0.186717
3 0.432838 0.281050 0.286112
2 0.925203 0.074797
3 0.336337 0.219086 0.444577
4 0.440842 0.000000 0.020676 0.538482
2 0.889214 0.110786
6 0.066347 0.261242 0.117376 0.139353 0.236292 0.179390
4 0.083534 0.381827 0.307083 0.227557
5 0.255505 0.214028 0.048408 0.329217 0.152842
3 0.379505 0.038839 0.581657
3 0.095774 0.250507 0.653719
14
2 0.492176 0.507824
3 0.085498 0.207298 0.707204
5 0.436088 0.166606 0.082864 0.276105 0.038337
3 0.560848 0.106469 0.332683
3 0.714476 0.020172 0.265352
2 0.032110 0.967890
3 0.351192 0.306310 0.342498
4 0.234811 0.180884 0.166480 0.417825
2 0.688933 0.311067
6 0.246276 0.236247 0.272383 0.183920 0.024140 0.037035
4 0.151599 0.477844 0.001313 0.369244
5 0.050565 0.209965 0.269121 0.272009 0.198340
3 0.389917 0.528250 0.081834
3 0.105749 0.179157 0.715094
14
2 0.894217 0.105783
3 0.727579 0.105102 0.167319
5 0.229966 0.131255 0.016126 0.100870 0.521782
3 0.494406 0.294889 0.210705
3 0.346357 0.380094 0.273550
2 0.443990 0.556010
3 0.176144 0.752948 0.070908
4 0.187895 0.267540 0.225317 0.319248
2 0.904690 0.095310
6 0.159430 0.004210 0.299245 0.167911 0.217015 0.152190
4 0.300530 0.035185 0.172470 0.491815
5 0.049067 0.188015 0.340197 0.311900 0.110821
3 0.240779 0.233168 0.526053
3 0.445833 0.377927 0.176240
14
2 0.508397 0.491603
3 0.158965 0.488302 0.352733
5 0.289910 0.103425 0.283696 0.160334 0.162636
3 0.325291 0.369325 0.305384
3 0.525919 0.112215 0.361866
2 0.651623 0.348377
3 0.456238 0.189384 0.354378
4 0.321086 0.076800 0.369873 0.232241
2 0.244491 0.755509
6 0.271775 0.267097 0.058474 0.182258 0.120421 0.099974
4 0.353649 0.245144 0.006796 0.394411
5 0.015309 0.311158 0.171632 0.137421 0.364479
3 0.669243 0.066867 0.263890
3 0.305238 0.068497 0.626264
14
2 0.341862 0.658138
3 0.429473 0.193909 0.376618
5 0.195527 0.074338 0.152962 0.329244 0.247930
3 0.001905 0.925791 0.072304
3 0.573477 0.252027 0.174497
2 0.251018 0.748982
3 0.077707 0.679443 0.242850
4 0.428941 0.424663 0.006774 0.139622
2 0.473785 0.526215
6 0.164908 0.183484 0.275956 0.191161 0.120670 0.063822
4 0.249162 0.111854 0.186006 0.452978
5 0.445546 0.086207 0.026695 0.215638 0.225914
3 0.063116 0.438700 0.498185
3 0.221300 0.192383 0.586317
14
2 0.382282 0.617718
3 0.110595 0.418560 0.470845
5 0.227740 0.415250 0.250122 0.048347 0.058541
3 0.445673 0.126844 0.427483
3 0.661631 0.208861 0.129508
2 0.319037 0.680963
3 0.336874 0.379678 0.283448
4 0.294165 0.041653 0.427168 0.237013
2 0.691173 0.308827
6 0.094573 0.399762 0.244324 0.195870 0.042868 0.022604
4 0.399111 0.135299 0.275187 0.190403
5 0.343199 0.178183 0.225232 0.149565 0.103821
3 0.387301 0.230412 0.382287
3 0.212221 0.561009 0.226770
14
2 0.402981 0.597019
3 0.567541 0.269709 0.162750
5 0.230812 0.111982 0.288209 0.226302 0.142694
3 0.018028 0.451682 0.530289
3 0.376240 0.396616 0.227143
2 0.526383 0.473617
3 0.310848 0.374300 0.314852
4 0.268389 0.354793 0.014312 0.362506
2 0.544251 0.455749
6 0.088216 0.037355 0.176301 0.279546 0.174445 0.244137
4 0.317154 0.234822 0.240315 0.207709
5 0.251004 0.254457 0.156657 0.072787 0.265095
3 0.132874 0.533138 0.333988
3 0.048506 0.825300 0.126193
14
2 0.892275 0.107725
3 0.645916 0.291963 0.062121
5 0.411524 0.069476 0.036461 0.191528 0.291011
3 0.307093 0.572655 0.120252
3 0.220452 0.779548 0.000000
2 0.236955 0.763045
3 0.434693 0.200121 0.365186
4 0.145489 0.283599 0.323228 0.247684
2 0.064867 0.935133
6 0.120710 0.330230 0.068483 0.077621 0.217286 0.185669
4 0.257757 0.227826 0.239522 0.274894
5 0.113593 0.047361 0.063847 0.403813 0.371385
3 0.020172 0.355438 0.624390
3 0.406007 0.303403 0.290590
14
2 0.022015 0.977985
3 0.415684 0.044554 0.539762
5 0.396562 0.052222 0.072253 0.259623 0.219340
3 0.565968 0.247315 0.186717
3 0.370151 0.385174 0.244675
2 0.891618 0.108382
3 0.360696 0.172070 0.467234
4 0.405640 0.079850 0.019025 0.495484
2 0.715983 0.284017
6 0.078967 0.082863 0.139703 0.203718 0.281237 0.213512
4 0.077799 0.355615 0.354651 0.211935
5 0.251015 0.175639 0.039725 0.292048 0.241573
3 0.389030 0.038242 0.572727
3 0.102500 0.268099 0.629401
14
2 0.635304 0.364696
3 0.046708 0.677710 0.275582
5 0.112406 0.204038 0.209613 0.375444 0.098500
3 0.134549 0.416566 0.448885
3 0.372471 0.006757 0.620772
2 0.603381 0.396619
3 0.339142 0.429891 0.230967
4 0.090192 0.218947 0.323891 0.366970
2 0.592977 0.407023
6 0.275225 0.121404 0.083235 0.283556 0.063566 0.173014
4 0.280487 0.349949 0.254938 0.114626
5 0.281563 0.178954 0.003065 0.196845 0.339573
3 0.417948 0.401992 0.180061
3 0.093842 0.715500 0.190659
14
2 0.495240 0.504760
3 0.227384 0.305425 0.467190
5 0.191371 0.036712 0.373258 0.059069 0.339590
3 0.142434 0.689250 0.168316
3 0.437406 0.469396 0.093198
2 0.340637 0.659363
3 0.299758 0.334320 0.365922
4 0.201747 0.061085 0.501773 0.235395
2 0.563274 0.436726
6 0.219480 0.212919 0.008709 0.244980 0.118164 0.195748
4 0.331603 0.288431 0.174261 0.205704
5 0.145766 0.074177 0.333294 0.127814 0.318949
3 0.393162 0.332858 0.273980
3 0.290439 0.329900 0.379661
14
2 0.923790 0.076210
3 0.199053 0.448795 0.352152
5 0.202055 0.110592 0.148664 0.236249 0.302440
3 0.346901 0.466983 0.186116
3 0.013065 0.876147 0.110787
2 0.199491 0.800509
3 0.271818 0.275159 0.453022
4 0.123776 0.290869 0.510871 0.074484
2 0.628649 0.371351
6 0.239446 0.201514 0.187602 0.186865 0.014593 0.169980
4 0.023940 0.412662 0.240022 0.323376
5 0.264625 0.109665 0.262659 0.338936 0.024115
3 0.365129 0.377968 0.256903
3 0.141664 0.260464 0.597872
14
2 0.303510 0.696490
3 0.487028 0.026591 0.486381
5 0.193031 0.178853 0.161664 0.254280 0.212173
3 0.405305 0.358351 0.236344
3 0.130574 0.586388 0.283038
2 0.651581 0.348419
3 0.322766 0.523320 0.153914
4 0.062650 0.077051 0.620964 0.239336
2 0.414413 0.585588
6 0.300494 0.130075 0.002035 0.202845 0.103551 0.261001
4 0.364236 0.319255 0.011482 0.305027
5 0.518677 0.008102 0.265359 0.034852 0.173010
3 0.440604 0.472635 0.086761
3 0.208739 0.358146 0.433116
14
2 0.598423 0.401577
3 0.273725 0.418012 0.308263
5 0.264094 0.037234 0.347420 0.185136 0.166115
3 0.707314 0.010347 0.282339
3 0.333933 0.213331 0.452736
2 0.298177 0.701823
3 0.261456 0.350729 0.387816
4 0.189829 0.361979 0.031932 0.416260
2 0.523882 0.476118
6 0.026067 0.182041 0.183395 0.209037 0.125222 0.274237
4 0.420244 0.364972 0.004128 0.210657
5 0.216961 0.172513 0.177264 0.161459 0.271803
3 0.325693 0.078437 0.595870
3 0.503693 0.016778 0.479530
14
2 0.023877 0.976123
3 0.495903 0.038438 0.465660
5 0.347808 0.045802 0.157159 0.256858 0.192374
3 0.565968 0.247315 0.186717
3 0.370151 0.385174 0.244675
2 0.910106 0.089894
3 0.336337 0.219086 0.444577
4 0.405640 0.079850 0.019025 0.495484
2 0.686022 0.313978
6 0.082074 0.086124 0.145200 0.172386 0.292303 0.221914
4 0.075727 0.346143 0.371840 0.206290
5 0.223826 0.187492 0.042406 0.288399 0.257876
3 0.351661 0.040581 0.607758
3 0.095774 0.250507 0.653719
14
2 0.277782 0.722218
3 0.206555 0.361121 0.432324
5 0.313072 0.128235 0.262669 0.081079 0.214945
3 0.034335 0.415284 0.550381
3 0.413601 0.264672 0.321727
2 0.410308 0.589692
3 0.471567 0.338284 0.190149
4 0.303033 0.213023 0.232267 0.251676
2 0.667629 0.332371
6 0.087603 0.269881 0.178169 0.211770 0.204891 0.047687
4 0.022402 0.388419 0.417245 0.171934
5 0.163656 0.046678 0.327719 0.104396 0.357550
3 0.516742 0.296506 0.186752
3 0.312762 0.643108 0.044130
14
2 0.770730 0.229270
3 0.255395 0.169088 0.575516
5 0.176233 0.390430 0.045677 0.135481 0.252179
3 0.625192 0.247132 0.127676
3 0.546383 0.273537 0.180080
2 0.334328 0.665672
3 0.498118 0.465929 0.035953
4 0.164933 0.256835 0.249428 0.328803
2 0.952468 0.047532
6 0.210366 0.071102 0.155044 0.196962 0.158654 0.207873
4 0.275004 0.176847 0.218654 0.329494
5 0.145662 0.196364 0.134591 0.266461 0.256922
3 0.434570 0.478955 0.086475
3 0.502635 0.409726 0.087639
14
2 0.625364 0.374636
3 0.198992 0.484947 0.316061
5 0.370539 0.024940 0.474203 0.027588 0.102730
3 0.546962 0.219745 0.233293
3 0.170527 0.458198 0.371275
2 0.391578 0.608422
3 0.530687 0.179061 0.290252
4 0.134167 0.330585 0.084131 0.451117
2 0.626574 0.373426
6 0.238161 0.217520 0.047124 0.171571 0.206064 0.119561
4 0.109916 0.275032 0.366757 0.248295
5 0.219855 0.048299 0.274451 0.056228 0.401167
3 0.458829 0.094871 0.446300
3 0.335194 0.015658 0.649149
14
2 0.022015 0.977985
3 0.384604 0.046924 0.568472
5 0.383805 0.050542 0.069928 0.283441 0.212283
3 0.565968 0.247315 0.186717
3 0.370151 0.385174 0.244675
2 0.905671 0.094329
3 0.371952 0.207329 0.420719
4 0.405640 0.079850 0.019025 0.495484
2 0.686022 0.313978
6 0.078967 0.082863 0.139703 0.203718 0.281237 0.213512
4 0.075727 0.346143 0.371840 0.206290
5 0.218717 0.183212 0.041438 0.304642 0.251990
3 0.351661 0.040581 0.607758
3 0.101596 0.265734 0.632670
14
2 0.831326 0.168674
3 0.674888 0.068671 0.256441
5 0.259013 0.187069 0.168570 0.183628 0.201720
3 0.359901 0.484927 0.155172
3 0.517364 0.390261 0.092375
2 0.739107 0.260893
3 0.312000 0.167376 0.520624
4 0.267363 0.214791 0.233851 0.283994
2 0.819032 0.180968
6 0.054244 0.224541 0.272431 0.066382 0.269056 0.113346
4 0.175341 0.014137 0.331450 0.479072
5 0.392207 0.045475 0.363466 0.185518 0.013334
3 0.229067 0.649826 0.121107
3 0.338790 0.174123 0.487088
14
2 0.508397 0.491603
3 0.158965 0.488302 0.352733
5 0.289910 0.103425 0.283696 0.160334 0.162636
3 0.325291 0.369325 0.305384
3 0.448792 0.095759 0.455449
2 0.651623 0.348377
3 0.388821 0.161399 0.449780
4 0.321086 0.076800 0.369873 0.232241
2 0.244491 0.755509
6 0.254461 0.250081 0.118456 0.170647 0.112749 0.093605
4 0.353649 0.245144 0.006796 0.394411
5 0.015309 0.311158 0.171632 0.137421 0.364479
3 0.669243 0.066867 0.263890
3 0.341745 0.064898 0.593356
14
2 0.848126 0.151874
3 0.042747 0.549139 0.408114
5 0.090877 0.227461 0.325100 0.097668 0.258894
3 0.095197 0.394377 0.510427
3 0.446124 0.485667 0.068209
2 0.515215 0.484785
3 0.338785 0.250441 0.410774
4 0.206096 0.310725 0.137087 0.346092
2 0.491648 0.508352
6 0.079083 0.270157 0.120232 0.213443 0.017228 0.299857
4 0.432824 0.141319 0.394653 0.031204
5 0.082644 0.278913 0.339096 0.168845 0.130501
3 0.118041 0.201417 0.680542
3 0.169428 0.293540 0.537032
14
2 0.376072 0.623928
3 0.110595 0.418560 0.470845
5 0.223292 0.407141 0.264767 0.047403 0.057398
3 0.445494 0.126885 0.427621
3 0.661631 0.208861 0.129508
2 0.319037 0.680963
3 0.234721 0.438167 0.327112
4 0.307883 0.043596 0.447089 0.201433
2 0.654931 0.345069
6 0.101126 0.427459 0.261251 0.140156 0.045838 0.024170
4 0.371707 0.126009 0.256292 0.245992
5 0.382500 0.198587 0.251025 0.166693 0.001194
3 0.396563 0.212009 0.391429
3 0.212221 0.561009 0.226770
14
2 0.795414 0.204586
3 0.674888 0.068671 0.256441
5 0.265817 0.191983 0.172998 0.162184 0.207019
3 0.387841 0.463760 0.148399
3 0.582763 0.337379 0.079858
2 0.759693 0.240307
3 0.349485 0.158257 0.492258
4 0.267363 0.214791 0.233851 0.283994
2 0.606222 0.393778
6 0.057443 0.237784 0.288498 0.070296 0.284923 0.061056
4 0.169943 0.013702 0.321246 0.495109
5 0.392207 0.045475 0.363466 0.185518 0.013334
3 0.322318 0.571224 0.106458
3 0.287760 0.187561 0.524679
14
2 0.512643 0.487357
3 0.490065 0.127548 0.382387
5 0.523066 0.100223 0.187072 0.001291 0.188348
3 0.575817 0.173766 0.250417
3 0.263669 0.505703 0.230628
2 0.783027 0.216973
3 0.360190 0.194281 0.445529
4 0.000000 0.628187 0.107489 0.264325
2 0.992592 0.007408
6 0.119921 0.174050 0.251959 0.126142 0.205889 0.122039
4 0.410291 0.026013 0.294785 0.268911
5 0.025792 0.195266 0.318729 0.224202 0.236012
3 0.433883 0.167681 0.398436
3 0.515206 0.091739 0.393055
14
2 0.277782 0.722218
3 0.075936 0.420570 0.503494
5 0.313072 0.128235 0.262669 0.081079 0.214945
3 0.233388 0.329681 0.436931
3 0.375759 0.240456 0.383784
2 0.418598 0.581402
3 0.471567 0.338284 0.190149
4 0.303033 0.213023 0.232267 0.251676
2 0.600896 0.399105
6 0.087603 0.269881 0.178169 0.211770 0.204891 0.047687
4 0.000000 0.397320 0.426806 0.175874
5 0.159025 0.073659 0.318445 0.101441 0.347431
3 0.516742 0.296506 0.186752
3 0.312762 0.643108 0.044130
14
2 0.742328 0.257672
3 0.352327 0.322763 0.324910
5 0.273311 0.054089 0.137828 0.275214 0.259557
3 0.379406 0.495946 0.124649
3 0.402209 0.102914 0.494878
2 0.239046 0.760954
3 0.161140 0.000000 0.838860
4 0.356836 0.064310 0.331672 0.247182
2 0.498440 0.501560
6 0.093626 0.178810 0.269648 0.053358 0.387303 0.017254
4 0.355847 0.083831 0.282431 0.277891
5 0.214297 0.087574 0.401622 0.040094 0.256414
3 0.150308 0.329148 0.520545
3 0.100746 0.447472 0.451782
14
2 0.831326 0.168674
3 0.619622 0.144937 0.235441
5 0.259013 0.187069 0.168570 0.183628 0.201720
3 0.359901 0.484927 0.155172
3 0.508983 0.400139 0.090878
2 0.724497 0.275503
3 0.320159 0.171753 0.508088
4 0.302738 0.243210 0.264792 0.189260
2 0.812839 0.187161
6 0.049117 0.203321 0.246685 0.154614 0.243628 0.102634
4 0.175341 0.014137 0.331450 0.479072
5 0.392207 0.045475 0.363466 0.185518 0.013334
3 0.229067 0.649826 0.121107
3 0.338790 0.174123 0.487088
14
2 0.508397 0.491603
3 0.158965 0.488302 0.352733
5 0.277367 0.105252 0.288707 0.163166 0.165509
3 0.325291 0.369325 0.305384
3 0.525919 0.112215 0.361866
2 0.623584 0.376416
3 0.456238 0.189384 0.354378
4 0.321086 0.076800 0.369873 0.232241
2 0.207870 0.792130
6 0.271775 0.267097 0.058474 0.182258 0.120421 0.099974
4 0.353649 0.245144 0.006796 0.394411
5 0.015309 0.311158 0.171632 0.137421 0.364479
3 0.671166 0.067059 0.261775
3 0.305238 0.068497 0.626264
14
2 0.341862 0.658138
3 0.429473 0.193909 0.376618
5 0.201348 0.076551 0.127741 0.339047 0.255312
3 0.002237 0.912880 0.084883
3 0.573477 0.252027 0.174497
2 0.048189 0.951811
3 0.220271 0.574418 0.205311
4 0.513173 0.362025 0.005775 0.119027
2 0.470005 0.529995
6 0.150107 0.256766 0.251189 0.174005 0.109840 0.058094
4 0.253424 0.096664 0.189187 0.460725
5 0.445546 0.086207 0.026695 0.215638 0.225914
3 0.069834 0.378950 0.551216
3 0.220155 0.191388 0.588457
14
2 0.382282 0.617718
3 0.193062 0.379750 0.427187
5 0.227740 0.415250 0.250122 0.048347 0.058541
3 0.445673 0.126844 0.427483
3 0.786319 0.059767 0.153915
2 0.367359 0.632641
3 0.336874 0.379678 0.283448
4 0.306950 0.000000 0.445735 0.247315
2 0.728828 0.271172
6 0.102078 0.352128 0.263713 0.211414 0.046270 0.024397
4 0.399111 0.135299 0.275187 0.190403
5 0.380646 0.197625 0.249808 0.056771 0.115149
3 0.390711 0.229129 0.380160
3 0.212221 0.561009 0.226770
14
2 0.546453 0.453547
3 0.318166 0.403841 0.277992
5 0.025115 0.116004 0.194438 0.439505 0.224938
3 0.279838 0.594955 0.125207
3 0.198100 0.200172 0.601728
2 0.549438 0.450562
3 0.234820 0.741074 0.024106
4 0.237314 0.216087 0.422830 0.123768
2 0.574889 0.425111
6 0.203064 0.073817 0.311329 0.269977 0.141813 0.000000
4 0.021997 0.100662 0.559269 0.318072
5 0.230580 0.065748 0.314068 0.195081 0.194523
3 0.323208 0.244852 0.431939
3 0.751007 0.248993 0.000000
14
2 0.038262 0.961738
3 0.413344 0.445842 0.140814
5 0.267953 0.106547 0.075696 0.258832 0.290973
3 0.016097 0.405509 0.578394
3 0.144985 0.608655 0.246359
2 0.140817 0.859183
3 0.117232 0.444552 0.438216
4 0.302411 0.126946 0.011452 0.559191
2 0.296478 0.703522
6 0.089763 0.282373 0.191976 0.234561 0.039349 0.161977
4 0.332873 0.143445 0.314317 0.209365
5 0.172349 0.186324 0.219203 0.242322 0.179803
3 0.433170 0.352875 0.213955
3 0.458130 0.301345 0.240525
14
2 0.516735 0.483265
3 0.375980 0.063465 0.560555
5 0.185862 0.328521 0.404169 0.005194 0.076254
3 0.296500 0.639006 0.064494
3 0.204557 0.496936 0.298506
2 0.660936 0.339064
3 0.371273 0.011150 0.617577
4 0.099812 0.307960 0.388266 0.203961
2 0.439977 0.560023
6 0.030377 0.173057 0.193898 0.162472 0.355595 0.084600
4 0.421958 0.018271 0.496572 0.063200
5 0.269570 0.195030 0.177123 0.285889 0.072388
3 0.463462 0.234481 0.302057
3 0.412213 0.299092 0.288695
14
2 0.336465 0.663535
3 0.714520 0.227457 0.058023
5 0.273402 0.232535 0.014856 0.218846 0.260360
3 0.436041 0.377846 0.186113
3 0.227022 0.462652 0.310325
2 0.489187 0.510813
3 0.468724 0.128111 0.403165
4 0.328534 0.038408 0.351833 0.281226
2 0.535739 0.464261
6 0.226897 0.140366 0.093990 0.206340 0.213265 0.119143
4 0.250458 0.272613 0.102172 0.374757
5 0.177481 0.225738 0.121668 0.317083 0.158030
3 0.469563 0.068914 0.461523
3 0.507434 0.000861 0.491706
14
2 0.595879 0.404121
3 0.487252 0.510293 0.002455
5 0.002778 0.486259 0.094130 0.093321 0.323512
3 0.371806 0.008519 0.619675
3 0.281361 0.217434 0.501206
2 0.255098 0.744902
3 0.401423 0.381788 0.216789
4 0.195001 0.212975 0.343337 0.248687
2 0.797567 0.202433
6 0.280652 0.107612 0.031491 0.202005 0.269550 0.108690
4 0.150687 0.428135 0.098946 0.322232
5 0.328760 0.036523 0.401051 0.022846 0.210820
3 0.424560 0.300946 0.274494
3 0.464327 0.147253 0.388420
14
2 0.975533 0.024467
3 0.169587 0.586080 0.244333
5 0.247907 0.142361 0.124590 0.316009 0.169133
3 0.539454 0.414511 0.046035
3 0.429678 0.150695 0.419627
2 0.687231 0.312769
3 0.029295 0.670786 0.299919
4 0.209007 0.272013 0.304947 0.214033
2 0.272106 0.727894
6 0.039213 0.397645 0.160933 0.071396 0.169320 0.161494
4 0.007334 0.351369 0.383716 0.257581
5 0.115281 0.307792 0.239026 0.170250 0.167651
3 0.219879 0.254936 0.525184
3 0.060465 0.427109 0.512425
14
2 0.892275 0.107725
3 0.638740 0.297880 0.063380
5 0.379367 0.073272 0.038453 0.201994 0.306913
3 0.335500 0.625628 0.038872
3 0.192789 0.681729 0.125482
2 0.236955 0.763045
3 0.434693 0.200121 0.365186
4 0.145489 0.283599 0.323228 0.247684
2 0.064867 0.935133
6 0.120710 0.330230 0.068483 0.077621 0.217286 0.185669
4 0.275013 0.243078 0.255557 0.226352
5 0.113593 0.047361 0.063847 0.403813 0.371385
3 0.020172 0.355438 0.624390
3 0.401307 0.299891 0.298802
14
2 0.568240 0.431760
3 0.211997 0.125048 0.662955
5 0.251398 0.210297 0.029850 0.321288 0.187167
3 0.294358 0.118580 0.587061
3 0.920495 0.023349 0.056156
2 0.615659 0.384341
3 0.203923 0.447426 0.348651
4 0.361990 0.121410 0.305783 0.210818
2 0.742939 0.257061
6 0.001650 0.193420 0.209171 0.262926 0.037349 0.295484
4 0.017506 0.443275 0.013742 0.525478
5 0.343642 0.038471 0.353635 0.008263 0.255989
3 0.373926 0.426506 0.199567
3 0.445763 0.121683 0.432555
14
2 0.512643 0.487357
3 0.490065 0.127548 0.382387
5 0.523066 0.100223 0.187072 0.001291 0.188348
3 0.575817 0.173766 0.250417
3 0.263669 0.505703 0.230628
2 0.860847 0.139153
3 0.360190 0.194281 0.445529
4 0.007358 0.623565 0.106698 0.262380
2 0.992592 0.007408
6 0.120984 0.175592 0.254191 0.118400 0.207714 0.123120
4 0.419804 0.026616 0.301620 0.251959
5 0.025792 0.195266 0.318729 0.224202 0.236012
3 0.433883 0.167681 0.398436
3 0.515206 0.091739 0.393055
14
2 0.883289 0.116712
3 0.378002 0.405990 0.216009
5 0.117188 0.312013 0.172916 0.112383 0.285500
3 0.437766 0.202280 0.359954
3 0.202911 0.633637 0.163452
2 0.349102 0.650898
3 0.243522 0.259763 0.496716
4 0.217967 0.274302 0.236287 0.271444
2 0.073299 0.926701
6 0.183851 0.187560 0.218213 0.151684 0.202868 0.055823
4 0.251500 0.351298 0.139091 0.258112
5 0.134233 0.030588 0.266304 0.287474 0.281400
3 0.504553 0.399732 0.095715
3 0.277565 0.256743 0.465692
14
2 0.428814 0.571186
3 0.346543 0.198404 0.455053
5 0.118441 0.310848 0.229040 0.188118 0.153552
3 0.281017 0.146315 0.572668
3 0.348609 0.279841 0.371550
2 0.360629 0.639371
3 0.265247 0.433466 0.301287
4 0.316576 0.137381 0.215099 0.330943
2 0.670678 0.329322
6 0.245193 0.031735 0.293472 0.134075 0.054546 0.240979
4 0.161054 0.316532 0.287132 0.235282
5 0.010355 0.076998 0.340541 0.324592 0.247513
3 0.446468 0.536679 0.016853
3 0.188420 0.424933 0.386647
14
2 0.407817 0.592183
3 0.194295 0.258755 0.546950
5 0.232619 0.049131 0.237772 0.242275 0.238203
3 0.193033 0.416099 0.390869
3 0.420553 0.342174 0.237273
2 0.870525 0.129474
3 0.021273 0.477055 0.501672
4 0.150629 0.262591 0.294086 0.292693
2 0.391438 0.608562
6 0.228830 0.151528 0.174913 0.098419 0.201746 0.144563
4 0.192881 0.219889 0.123636 0.463594
5 0.245473 0.269307 0.046734 0.335936 0.102551
3 0.600024 0.301230 0.098746
3 0.110690 0.014418 0.874893
14
2 0.599249 0.400752
3 0.282897 0.515892 0.201212
5 0.003024 0.374891 0.196858 0.017456 0.407771
3 0.530763 0.183925 0.285312
3 0.412551 0.513690 0.073759
2 0.450765 0.549235
3 0.370349 0.414486 0.215165
4 0.309591 0.144469 0.204962 0.340978
2 0.922514 0.077486
6 0.262133 0.074681 0.153769 0.106239 0.157519 0.245658
4 0.294608 0.294249 0.218776 0.192366
5 0.119413 0.220608 0.243940 0.251423 0.164615
3 0.392469 0.423978 0.183553
3 0.269527 0.413460 0.317013
14
2 0.601814 0.398186
3 0.259794 0.560492 0.179714
5 0.260887 0.268932 0.092683 0.210133 0.167365
3 0.394366 0.604910 0.000724
3 0.713193 0.129315 0.157492
2 0.586152 0.413848
3 0.408530 0.320648 0.270822
4 0.130625 0.179087 0.238986 0.451302
2 0.558918 0.441082
6 0.021487 0.304916 0.105401 0.104137 0.224430 0.239629
4 0.146803 0.515593 0.078491 0.259114
5 0.063321 0.171762 0.223730 0.285254 0.255933
3 0.234513 0.243177 0.522310
3 0.441594 0.154443 0.403963
14
2 0.488248 0.511752
3 0.238877 0.441905 0.319217
5 0.289910 0.103425 0.283696 0.160334 0.162636
3 0.325291 0.369325 0.305384
3 0.525919 0.112215 0.361866
2 0.651623 0.348377
3 0.546596 0.028842 0.424562
4 0.321086 0.076800 0.369873 0.232241
2 0.226690 0.773310
6 0.282432 0.277570 0.060767 0.150193 0.125143 0.103895
4 0.382203 0.234314 0.006496 0.376987
5 0.015682 0.294398 0.175808 0.140765 0.373347
3 0.687264 0.063224 0.249512
3 0.335291 0.075241 0.589468
14
2 0.511133 0.488867
3 0.347286 0.390367 0.262348
5 0.000000 0.112216 0.245034 0.425156 0.217594
3 0.319891 0.680109 0.000000
3 0.376820 0.155560 0.467621
2 0.544604 0.455396
3 0.234820 0.741074 0.024106
4 0.243993 0.155029 0.464896 0.136081
2 0.574889 0.425111
6 0.212861 0.009595 0.326349 0.283002 0.148654 0.019539
4 0.022827 0.066739 0.580364 0.330070
5 0.230580 0.065748 0.314068 0.195081 0.194523
3 0.323208 0.244852 0.431939
3 0.675292 0.223890 0.100819
14
2 0.541415 0.458585
3 0.419293 0.288644 0.292063
5 0.174945 0.169050 0.266841 0.220030 0.169134
3 0.202944 0.375389 0.421667
3 0.183000 0.412004 0.404997
2 0.161711 0.838289
3 0.067895 0.410056 0.522049
4 0.180800 0.235075 0.316695 0.267430
2 0.987828 0.012172
6 0.131623 0.281326 0.072649 0.127612 0.155977 0.230813
4 0.368714 0.160419 0.354866 0.116002
5 0.037105 0.326154 0.025613 0.352922 0.258206
3 0.092256 0.057873 0.849872
3 0.210390 0.089357 0.700253
14
2 0.667071 0.332929
3 0.237797 0.494401 0.267802
5 0.249658 0.035199 0.328429 0.229679 0.157035
3 0.616769 0.137035 0.246196
3 0.333933 0.213331 0.452736
2 0.298177 0.701823
3 0.261456 0.350729 0.387816
4 0.185516 0.363906 0.032102 0.418475
2 0.592031 0.407969
6 0.023960 0.248166 0.168570 0.192138 0.115099 0.252067
4 0.450813 0.391520 0.004428 0.153239
5 0.216961 0.172513 0.177264 0.161459 0.271803
3 0.356548 0.085868 0.557584
3 0.512288 0.000000 0.487712
14
2 0.022015 0.977985
3 0.415684 0.044554 0.539762
5 0.383805 0.050542 0.069928 0.283441 0.212283
3 0.565968 0.247315 0.186717
3 0.370151 0.385174 0.244675
2 0.905671 0.094329
3 0.408981 0.195105 0.395914
4 0.405640 0.079850 0.019025 0.495484
2 0.686022 0.313978
6 0.078967 0.082863 0.139703 0.203718 0.281237 0.213512
4 0.075727 0.346143 0.371840 0.206290
5 0.218717 0.183212 0.041438 0.304642 0.251990
3 0.351661 0.040581 0.607758
3 0.102500 0.268099 0.629401
14
2 0.277782 0.722218
3 0.075936 0.420570 0.503494
5 0.291853 0.119543 0.244866 0.075584 0.268153
3 0.233388 0.329681 0.436931
3 0.364815 0.262578 0.372607
2 0.422871 0.577129
3 0.471567 0.338284 0.190149
4 0.303033 0.213023 0.232267 0.251676
2 0.533996 0.466004
6 0.077754 0.351967 0.158137 0.187961 0.181855 0.042325
4 0.000000 0.463676 0.498087 0.038238
5 0.159025 0.073659 0.318445 0.101441 0.347431
3 0.516742 0.296506 0.186752
3 0.312762 0.643108 0.044130
14
2 0.508397 0.491603
3 0.158965 0.488302 0.352733
5 0.269201 0.131593 0.280207 0.158362 0.160636
3 0.325291 0.369325 0.305384
3 0.525919 0.112215 0.361866
2 0.696773 0.303227
3 0.456238 0.189384 0.354378
4 0.321086 0.076800 0.369873 0.232241
2 0.246478 0.753522
6 0.234599 0.230561 0.050475 0.157327 0.103949 0.223089
4 0.353649 0.245144 0.006796 0.394411
5 0.015309 0.311158 0.171632 0.137421 0.364479
3 0.670380 0.066980 0.262640
3 0.323235 0.066723 0.610042
14
2 0.455060 0.544940
3 0.273846 0.304827 0.421327
5 0.025163 0.116224 0.295253 0.440341 0.123018
3 0.279838 0.594955 0.125207
3 0.376820 0.155560 0.467621
2 0.589709 0.410291
3 0.234820 0.741074 0.024106
4 0.256580 0.152448 0.457156 0.133816
2 0.499350 0.500650
6 0.199349 0.072466 0.305632 0.265037 0.139218 0.018298
4 0.023207 0.106198 0.535030 0.335565
5 0.234328 0.050564 0.319173 0.198252 0.197685
3 0.343240 0.237605 0.419155
3 0.702221 0.261485 0.036294
14
2 0.619732 0.380268
3 0.213164 0.448265 0.338571
5 0.370539 0.024940 0.474203 0.027588 0.102730
3 0.525447 0.230181 0.244372
3 0.170527 0.458198 0.371275
2 0.311391 0.688609
3 0.514149 0.173481 0.312370
4 0.135347 0.324697 0.084871 0.455085
2 0.626574 0.373426
6 0.238161 0.217520 0.047124 0.171571 0.206064 0.119561
4 0.104096 0.260471 0.400283 0.235149
5 0.219855 0.048299 0.274451 0.056228 0.401167
3 0.458829 0.094871 0.446300
3 0.310109 0.089320 0.600570
14
2 0.825620 0.174380
3 0.072891 0.606688 0.320421
5 0.230479 0.160719 0.279550 0.152553 0.176699
3 0.282673 0.442016 0.275312
3 0.701753 0.054703 0.243545
2 0.325174 0.674826
3 0.110268 0.329399 0.560333
4 0.367478 0.215082 0.050629 0.366811
2 0.619951 0.380049
6 0.027740 0.122500 0.024036 0.276412 0.274665 0.274647
4 0.122265 0.253071 0.328254 0.296411
5 0.061248 0.324330 0.074498 0.310791 0.229133
3 0.325300 0.421811 0.252889
3 0.572834 0.279385 0.147781
14
2 0.023877 0.976123
3 0.495903 0.038438 0.465660
5 0.347808 0.045802 0.157159 0.256858 0.192374
3 0.565968 0.247315 0.186717
3 0.370151 0.385174 0.244675
2 0.910106 0.089894
3 0.323941 0.247867 0.428192
4 0.405640 0.079850 0.019025 0.495484
2 0.743633 0.256367
6 0.082074 0.086124 0.145200 0.172386 0.292303 0.221914
4 0.075887 0.346874 0.372625 0.204614
5 0.119650 0.212657 0.048098 0.327107 0.292488
3 0.366536 0.000000 0.633464
3 0.093208 0.270586 0.636206
14
2 0.356104 0.643896
3 0.030032 0.476077 0.493890
5 0.135498 0.361666 0.230242 0.155753 0.116842
3 0.335694 0.438097 0.226209
3 0.115896 0.242793 0.641310
2 0.844841 0.155159
3 0.044639 0.629811 0.325550
4 0.172875 0.273857 0.253870 0.299397
2 0.221896 0.778104
6 0.044092 0.279885 0.240053 0.044314 0.186272 0.205384
4 0.345865 0.191548 0.312502 0.150084
5 0.060905 0.073751 0.279054 0.324883 0.261406
3 0.253568 0.521778 0.224654
3 0.331516 0.143349 0.525135
14
2 0.743741 0.256259
3 0.514522 0.279860 0.205618
5 0.340563 0.047382 0.100009 0.060909 0.451138
3 0.262557 0.382624 0.354820
3 0.017923 0.273622 0.708456
2 0.273825 0.726175
3 0.322937 0.222488 0.454575
4 0.102253 0.083762 0.363808 0.450177
2 0.666264 0.333736
6 0.016693 0.123140 0.226874 0.465802 0.046884 0.120607
4 0.120954 0.318233 0.214967 0.345847
5 0.156636 0.204308 0.198549 0.242626 0.197881
3 0.309678 0.320415 0.369907
3 0.449211 0.192081 0.358708
14
2 0.478186 0.521814
3 0.502796 0.193325 0.303879
5 0.194322 0.077013 0.296397 0.244400 0.187867
3 0.202944 0.375389 0.421667
3 0.259282 0.373536 0.367183
2 0.161711 0.838289
3 0.068757 0.415260 0.515983
4 0.198931 0.258648 0.248174 0.294247
2 0.987587 0.012413
6 0.131623 0.281326 0.072649 0.127612 0.155977 0.230813
4 0.286842 0.185750 0.397478 0.129931
5 0.033316 0.292846 0.022997 0.316880 0.333961
3 0.097923 0.000000 0.902077
3 0.290222 0.080323 0.629455
14
2 0.277782 0.722218
3 0.075936 0.420570 0.503494
5 0.291853 0.119543 0.244866 0.075584 0.268153
3 0.233388 0.329681 0.436931
3 0.364815 0.262578 0.372607
2 0.404809 0.595191
3 0.471567 0.338284 0.190149
4 0.303033 0.213023 0.232267 0.251676
2 0.501568 0.498432
6 0.065100 0.294689 0.132402 0.157373 0.314998 0.035437
4 0.000000 0.463676 0.498087 0.038238
5 0.159025 0.073659 0.318445 0.101441 0.347431
3 0.456748 0.262082 0.281170
3 0.310911 0.644840 0.044249
14
2 0.308413 0.691587
3 0.470447 0.330263 0.199290
5 0.261468 0.126855 0.326489 0.123542 0.161646
3 0.017485 0.438063 0.544452
3 0.366902 0.411592 0.221506
2 0.526383 0.473617
3 0.276715 0.443006 0.280279
4 0.268389 0.354793 0.014312 0.362506
2 0.542474 0.457526
6 0.088216 0.037355 0.176301 0.279546 0.174445 0.244137
4 0.311055 0.230307 0.235694 0.222945
5 0.255559 0.148963 0.159500 0.166072 0.269905
3 0.089586 0.559753 0.350661
3 0.050773 0.893302 0.055925
14
2 0.508397 0.491603
3 0.158965 0.488302 0.352733
5 0.289910 0.103425 0.283696 0.160334 0.162636
3 0.312813 0.355158 0.332029
3 0.398540 0.085036 0.516424
2 0.651623 0.348377
3 0.324079 0.178496 0.497426
4 0.341563 0.081697 0.393461 0.183278
2 0.261076 0.738924
6 0.282604 0.277740 0.131557 0.078922 0.125219 0.103958
4 0.353649 0.245144 0.006796 0.394411
5 0.015309 0.311158 0.171632 0.137421 0.364479
3 0.669524 0.066810 0.263666
3 0.341745 0.064898 0.593356
14
2 0.356104 0.643896
3 0.028476 0.503229 0.468295
5 0.065898 0.390783 0.248778 0.168292 0.126249
3 0.335694 0.438097 0.226209
3 0.121937 0.203330 0.674733
2 0.844841 0.155159
3 0.044639 0.629811 0.325550
4 0.229851 0.364114 0.337539 0.068495
2 0.213604 0.786396
6 0.044092 0.279885 0.240053 0.044314 0.186272 0.205384
4 0.345865 0.191548 0.312502 0.150084
5 0.060905 0.073751 0.279054 0.324883 0.261406
3 0.229577 0.472410 0.298013
3 0.331516 0.143349 0.525135
14
2 0.382282 0.617718
3 0.166998 0.328481 0.504521
5 0.262693 0.396456 0.238801 0.046159 0.055891
3 0.445673 0.126844 0.427483
3 0.786319 0.059767 0.153915
2 0.226215 0.773785
3 0.338987 0.378469 0.282545
4 0.244356 0.000000 0.485992 0.269652
2 0.700159 0.299841
6 0.102078 0.352128 0.263713 0.211414 0.046270 0.024397
4 0.399111 0.135299 0.275187 0.190403
5 0.380646 0.197625 0.249808 0.056771 0.115149
3 0.390711 0.229129 0.380160
3 0.212221 0.561009 0.226770
14
2 0.888115 0.111885
3 0.645916 0.291963 0.062121
5 0.411524 0.069476 0.036461 0.191528 0.291011
3 0.307093 0.572655 0.120252
3 0.220452 0.779548 0.000000
2 0.236955 0.763045
3 0.463931 0.146321 0.389748
4 0.130473 0.254329 0.289868 0.325331
2 0.062085 0.937915
6 0.120710 0.330230 0.068483 0.077621 0.217286 0.185669
4 0.353331 0.198490 0.208681 0.239498
5 0.226311 0.041339 0.055728 0.352463 0.324159
3 0.020842 0.367258 0.611899
3 0.406007 0.303403 0.290590
14
2 0.508397 0.491603
3 0.158965 0.488302 0.352733
5 0.417560 0.084833 0.232697 0.131511 0.133400
3 0.325291 0.369325 0.305384
3 0.448792 0.095759 0.455449
2 0.651623 0.348377
3 0.388821 0.161399 0.449780
4 0.188354 0.091815 0.442186 0.277646
2 0.244491 0.755509
6 0.340291 0.221290 0.104819 0.151001 0.099769 0.082829
4 0.353649 0.245144 0.006796 0.394411
5 0.015309 0.311158 0.171632 0.137421 0.364479
3 0.669243 0.066867 0.263890
3 0.302869 0.171274 0.525857
14
2 0.498353 0.501647
3 0.005097 0.747320 0.247583
5 0.084796 0.149527 0.609764 0.140079 0.015834
3 0.428718 0.360097 0.211185
3 0.343908 0.455895 0.200198
2 0.427902 0.572098
3 0.271530 0.323985 0.404485
4 0.038698 0.469804 0.037151 0.454346
2 0.061407 0.938593
6 0.040292 0.179802 0.224205 0.011708 0.223582 0.320412
4 0.414321 0.078775 0.164054 0.342849
5 0.245628 0.155296 0.250520 0.200278 0.148277
3 0.087195 0.194186 0.718619
3 0.144514 0.645899 0.209587
14
2 0.795414 0.204586
3 0.674888 0.068671 0.256441
5 0.259013 0.187069 0.168570 0.183628 0.201720
3 0.387841 0.463760 0.148399
3 0.517364 0.390261 0.092375
2 0.759693 0.240307
3 0.349485 0.158257 0.492258
4 0.267363 0.214791 0.233851 0.283994
2 0.606222 0.393778
6 0.054244 0.224541 0.272431 0.066382 0.269056 0.113346
4 0.175341 0.014137 0.331450 0.479072
5 0.392207 0.045475 0.363466 0.185518 0.013334
3 0.322318 0.571224 0.106458
3 0.338790 0.174123 0.487088
14
2 0.459225 0.540775
3 0.021207 0.956590 0.022203
5 0.063847 0.160395 0.207804 0.268546 0.299407
3 0.083388 0.458522 0.458090
3 0.476348 0.180954 0.342698
2 0.103408 0.896592
3 0.264293 0.404682 0.331025
4 0.492084 0.238755 0.163101 0.106060
2 0.413380 0.586621
6 0.197697 0.233920 0.159283 0.072732 0.142910 0.193458
4 0.212323 0.259604 0.076953 0.451121
5 0.116478 0.227900 0.114750 0.291404 0.249468
3 0.148290 0.403690 0.448020
3 0.224454 0.150800 0.624745
14
2 0.642820 0.357180
3 0.360971 0.197404 0.441625
5 0.343633 0.115710 0.323388 0.119695 0.097574
3 0.365445 0.204638 0.429917
3 0.359592 0.499102 0.141306
2 0.628907 0.371093
3 0.479302 0.365148 0.155550
4 0.203891 0.159117 0.474272 0.162719
2 0.489138 0.510862
6 0.267262 0.131477 0.159681 0.176323 0.151361 0.113896
4 0.002097 0.375712 0.588345 0.033846
5 0.309201 0.228418 0.082574 0.157244 0.222564
3 0.348240 0.304374 0.347386
3 0.301042 0.254895 0.444063
14
2 0.562003 0.437997
3 0.050224 0.630766 0.319010
5 0.361239 0.306073 0.045442 0.130388 0.156858
3 0.048031 0.737060 0.214909
3 0.310198 0.591217 0.098585
2 0.255245 0.744754
3 0.406075 0.263620 0.330305
4 0.249097 0.122377 0.508833 0.119693
2 0.859383 0.140617
6 0.033663 0.289889 0.219761 0.147236 0.283486 0.025964
4 0.318075 0.161318 0.312103 0.208504
5 0.241229 0.204708 0.103539 0.193195 0.257329
3 0.198355 0.612402 0.189243
3 0.570237 0.366480 0.063283
14
2 0.627157 0.372843
3 0.318929 0.390964 0.290107
5 0.341148 0.044342 0.358347 0.229071 0.027092
3 0.634357 0.010816 0.354827
3 0.586843 0.179449 0.233708
2 0.523242 0.476758
3 0.144438 0.399336 0.456226
4 0.445374 0.057502 0.181836 0.315289
2 0.559391 0.440609
6 0.085054 0.239189 0.378819 0.100286 0.049474 0.147178
4 0.447026 0.330529 0.059540 0.162904
5 0.222661 0.279711 0.276267 0.169859 0.051503
3 0.206062 0.479156 0.314782
3 0.294629 0.288244 0.417127
14
2 0.384675 0.615325
3 0.348122 0.420518 0.231360
5 0.071891 0.298048 0.230619 0.186490 0.212952
3 0.511884 0.224848 0.263269
3 0.394315 0.106916 0.498769
2 0.588664 0.411336
3 0.139619 0.410356 0.450025
4 0.237850 0.195976 0.224285 0.341889
2 0.536662 0.463338
6 0.118582 0.120075 0.349139 0.214457 0.160292 0.037456
4 0.054244 0.273253 0.291804 0.380699
5 0.377126 0.047028 0.125103 0.422014 0.028729
3 0.318258 0.070223 0.611519
3 0.524019 0.388504 0.087477
14
2 0.547755 0.452246
3 0.505261 0.393823 0.100915
5 0.405748 0.158749 0.034688 0.359588 0.041227
3 0.334898 0.351410 0.313692
3 0.511454 0.029403 0.459143
2 0.452090 0.547910
3 0.435411 0.354374 0.210215
4 0.143021 0.335216 0.250639 0.271124
2 0.687996 0.312004
6 0.156894 0.299793 0.098805 0.202741 0.146462 0.095305
4 0.111079 0.227624 0.278136 0.383161
5 0.050414 0.074377 0.370790 0.334362 0.170056
3 0.309750 0.576210 0.114040
3 0.377555 0.028396 0.594049
14
2 0.825755 0.174245
3 0.352327 0.322763 0.324910
5 0.273311 0.054089 0.137828 0.275214 0.259557
3 0.395025 0.516364 0.088611
3 0.325691 0.273578 0.400731
2 0.239046 0.760954
3 0.137209 0.148515 0.714276
4 0.356193 0.064194 0.332875 0.246737
2 0.498440 0.501560
6 0.093626 0.178810 0.269648 0.053358 0.387303 0.017254
4 0.398446 0.093867 0.316241 0.191447
5 0.219593 0.089738 0.386834 0.041084 0.262751
3 0.150308 0.329148 0.520545
3 0.036935 0.479225 0.483841
14
2 0.159408 0.840592
3 0.060422 0.831052 0.108527
5 0.073904 0.287103 0.166477 0.210623 0.261892
3 0.230242 0.519952 0.249806
3 0.127996 0.346681 0.525323
2 0.741941 0.258059
3 0.096100 0.543407 0.360494
4 0.454876 0.480501 0.016802 0.047820
2 0.458873 0.541127
6 0.335151 0.019344 0.219008 0.155194 0.150077 0.121225
4 0.412973 0.155268 0.280943 0.150816
5 0.149266 0.356449 0.170223 0.241520 0.082542
3 0.430769 0.048632 0.520599
3 0.240355 0.261951 0.497695
14
2 0.198586 0.801414
3 0.439544 0.470677 0.089779
5 0.341367 0.240323 0.101177 0.219848 0.097285
3 0.356881 0.040983 0.602136
3 0.433087 0.475935 0.090978
2 0.493723 0.506277
3 0.152500 0.347503 0.499997
4 0.028176 0.276078 0.527387 0.168359
2 0.589911 0.410089
6 0.181863 0.101585 0.168856 0.187907 0.197463 0.162325
4 0.382020 0.287711 0.007443 0.322825
5 0.149032 0.332144 0.091776 0.079830 0.347218
3 0.228552 0.447117 0.324332
3 0.344293 0.356195 0.299512
14
2 0.546117 0.453883
3 0.409609 0.335393 0.254998
5 0.233785 0.205592 0.004869 0.215389 0.340366
3 0.399194 0.130872 0.469934
3 0.387206 0.312373 0.300422
2 0.880137 0.119863
3 0.724669 0.086253 0.189077
4 0.166116 0.244706 0.338596 0.250582
2 0.356808 0.643192
6 0.236416 0.290839 0.058200 0.162815 0.244956 0.006774
4 0.482967 0.206979 0.276049 0.034004
5 0.100252 0.058763 0.028545 0.390728 0.421712
3 0.063814 0.236772 0.699413
3 0.435630 0.546912 0.017459
14
2 0.471718 0.528282
3 0.523771 0.119683 0.356546
5 0.055765 0.258362 0.109485 0.240247 0.336141
3 0.411523 0.184068 0.404409
3 0.102857 0.219418 0.677724
2 0.400079 0.599921
3 0.202398 0.120787 0.676814
4 0.382163 0.349316 0.066316 0.202205
2 0.940132 0.059868
6 0.195018 0.122857 0.257451 0.132054 0.152195 0.140426
4 0.362658 0.201135 0.122497 0.313710
5 0.195144 0.165453 0.080141 0.084488 0.474774
3 0.458661 0.392854 0.148485
3 0.182229 0.459878 0.357893
14
2 0.978621 0.021379
3 0.015857 0.858352 0.125791
5 0.295162 0.129899 0.303295 0.199798 0.071846
3 0.399480 0.059523 0.540997
3 0.301475 0.326853 0.371671
2 0.371801 0.628199
3 0.352943 0.481986 0.165071
4 0.491182 0.266799 0.145061 0.096957
2 0.673564 0.326436
6 0.274402 0.317111 0.088376 0.081684 0.057467 0.180960
4 0.143167 0.424245 0.229498 0.203090
5 0.257450 0.332865 0.181412 0.162113 0.066160
3 0.354955 0.115318 0.529727
3 0.477526 0.425318 0.097156
14
2 0.711474 0.288526
3 0.089734 0.608029 0.302237
5 0.149741 0.062882 0.368803 0.114391 0.304182
3 0.279344 0.293275 0.427381
3 0.188589 0.259858 0.551553
2 0.286819 0.713181
3 0.675549 0.310064 0.014387
4 0.494252 0.175158 0.149031 0.181559
2 0.223503 0.776497
6 0.301991 0.023598 0.182340 0.263156 0.163928 0.064988
4 0.194028 0.486062 0.179784 0.140126
5 0.305734 0.414455 0.267493 0.011356 0.000962
3 0.047762 0.834890 0.117348
3 0.157567 0.487028 0.355404
14
2 0.282882 0.717118
3 0.357290 0.420370 0.222340
5 0.233074 0.216914 0.340446 0.150499 0.059066
3 0.203898 0.447380 0.348722
3 0.346649 0.255042 0.398309
2 0.573071 0.426929
3 0.155654 0.620510 0.223836
4 0.144943 0.299016 0.349759 0.206282
2 0.745736 0.254264
6 0.191781 0.104313 0.082262 0.294700 0.146259 0.180686
4 0.269574 0.272326 0.233548 0.224552
5 0.169457 0.230840 0.098031 0.298496 0.203175
3 0.081718 0.649463 0.268819
3 0.572954 0.195741 0.231305
14
2 0.651813 0.348187
3 0.485162 0.294170 0.220668
5 0.297676 0.041415 0.087415 0.053238 0.520256
3 0.262557 0.382624 0.354820
3 0.156803 0.234927 0.608269
2 0.233390 0.766610
3 0.322937 0.222488 0.454575
4 0.226713 0.072150 0.313371 0.387766
2 0.614493 0.385507
6 0.016693 0.123140 0.226874 0.465802 0.046884 0.120607
4 0.120954 0.318233 0.214967 0.345847
5 0.156636 0.204308 0.198549 0.242626 0.197881
3 0.377650 0.252373 0.369977
3 0.396591 0.210431 0.392977
14
2 0.393932 0.606068
3 0.495156 0.070627 0.434217
5 0.195527 0.074338 0.152962 0.329244 0.247930
3 0.001905 0.925791 0.072304
3 0.587938 0.243482 0.168580
2 0.264807 0.735193
3 0.077707 0.679443 0.242850
4 0.409452 0.405369 0.051900 0.133278
2 0.508724 0.491276
6 0.164908 0.183484 0.275956 0.191161 0.120670 0.063822
4 0.255145 0.110963 0.184524 0.449368
5 0.445546 0.086207 0.026695 0.215638 0.225914
3 0.063116 0.438700 0.498185
3 0.211250 0.229059 0.559691
14
2 0.541415 0.458585
3 0.467354 0.207106 0.325541
5 0.174945 0.169050 0.266841 0.220030 0.169134
3 0.202944 0.375389 0.421667
3 0.203899 0.394275 0.401826
2 0.207899 0.792101
3 0.131944 0.381879 0.486176
4 0.180800 0.235075 0.316695 0.267430
2 0.986202 0.013798
6 0.131623 0.281326 0.072649 0.127612 0.155977 0.230813
4 0.288593 0.180778 0.399904 0.130724
5 0.037105 0.326154 0.025613 0.352922 0.258206
3 0.102947 0.064579 0.832474
3 0.290222 0.080323 0.629455
14
2 0.568240 0.431760
3 0.001710 0.158418 0.839872
5 0.256246 0.208935 0.029657 0.319208 0.185955
3 0.294358 0.118580 0.587061
3 0.920495 0.023349 0.056156
2 0.583776 0.416224
3 0.203923 0.447426 0.348651
4 0.361990 0.121410 0.305783 0.210818
2 0.833418 0.166582
6 0.001650 0.193420 0.209171 0.262926 0.037349 0.295484
4 0.004469 0.449157 0.013924 0.532451
5 0.343642 0.038471 0.353635 0.008263 0.255989
3 0.373926 0.426506 0.199567
3 0.445763 0.121683 0.432555
14
2 0.321182 0.678818
3 0.567541 0.269709 0.162750
5 0.261468 0.126855 0.326489 0.123542 0.161646
3 0.018028 0.451682 0.530289
3 0.372890 0.418309 0.208801
2 0.528905 0.471095
3 0.310848 0.374300 0.314852
4 0.272286 0.359945 0.000000 0.367769
2 0.638108 0.361891
6 0.092983 0.039373 0.131787 0.294653 0.183872 0.257331
4 0.311055 0.230307 0.235694 0.222945
5 0.263022 0.153313 0.229607 0.076272 0.277787
3 0.220594 0.479205 0.300201
3 0.055511 0.944489 0.000000
14
2 0.625364 0.374636
3 0.330764 0.405170 0.264066
5 0.324575 0.021847 0.415379 0.024166 0.214034
3 0.546962 0.219745 0.233293
3 0.152268 0.516211 0.331521
2 0.391578 0.608422
3 0.530687 0.179061 0.290252
4 0.130445 0.349153 0.081798 0.438604
2 0.626574 0.373426
6 0.238161 0.217520 0.047124 0.171571 0.206064 0.119561
4 0.109916 0.275032 0.366757 0.248295
5 0.224823 0.049390 0.280653 0.034901 0.410233
3 0.462309 0.088006 0.449685
3 0.324558 0.015908 0.659534
14
2 0.702384 0.297616
3 0.050418 0.652106 0.297476
5 0.102731 0.186477 0.277639 0.343131 0.090022
3 0.134549 0.416566 0.448885
3 0.297835 0.007560 0.694605
2 0.603381 0.396619
3 0.353769 0.420376 0.225855
4 0.105482 0.086534 0.378801 0.429183
2 0.592977 0.407023
6 0.302923 0.133621 0.091611 0.312092 0.069963 0.089789
4 0.280487 0.349949 0.254938 0.114626
5 0.245213 0.284951 0.002669 0.171432 0.295734
3 0.417948 0.401992 0.180061
3 0.093842 0.715500 0.190659
14
2 0.485715 0.514285
3 0.347297 0.386587 0.266115
5 0.026251 0.121252 0.264765 0.459391 0.128340
3 0.279838 0.594955 0.125207
3 0.376820 0.155560 0.467621
2 0.544604 0.455396
3 0.234820 0.741074 0.024106
4 0.256580 0.152448 0.457156 0.133816
2 0.574889 0.425111
6 0.199349 0.072466 0.305632 0.265037 0.139218 0.018298
4 0.023207 0.106198 0.535030 0.335565
5 0.234328 0.050564 0.319173 0.198252 0.197685
3 0.343240 0.237605 0.419155
3 0.677958 0.282791 0.039251
