e 0 0 0 0
e 1 1 1 0.25
e 2 2 2 0.5
e 3 3 3 0.5
e 4 4 4 0.5
e 5 5 5 0.75
e 6 6 6 0.75
e 7 7 7 0.75
e 8 8 8 1
e 9 9 9 1
e 10 0 1 0
e 11 1 0 0
e 12 1 2 0.25
e 13 1 3 0.25
e 14 1 4 0.25
e 15 2 1 0.25
e 16 2 5 0.5
e 17 3 1 0.25
e 18 3 5 0.5
e 19 3 6 0.5
e 20 3 7 0.5
e 21 4 1 0.25
e 22 4 7 0.5
e 23 5 2 0.5
e 24 5 3 0.5
e 25 5 8 0.75
e 26 6 3 0.5
e 27 6 8 0.75
e 28 6 9 0.75
e 29 7 3 0.5
e 30 7 4 0.5
e 31 7 9 0.75
e 32 8 5 0.75
e 33 8 6 0.75
e 34 9 6 0.75
e 35 9 7 0.75
n 0 1 0 0 1
p 0 0.688717
p 10 0.311283
n 1 1 0.25 1 1
p 1 0
p 11 0
p 12 0.31009
p 13 0.347669
p 14 0.34224
n 2 1 0.5 2 2
p 2 0.547781
p 15 0
p 16 0.45222
n 3 1 0.5 2 1
p 3 0.218568
p 17 0
p 18 0.436573
p 19 0.0640271
p 20 0.280832
n 4 1 0.5 2 0
p 4 0.482338
p 21 0
p 22 0.517662
n 5 1 0.75 3 2
p 5 0.51113
p 23 0
p 24 0
p 25 0.48887
n 6 1 0.75 3 1
p 6 0.215568
p 26 0.227631
p 27 0.0413021
p 28 0.515499
n 7 1 0.75 3 0
p 7 0.689593
p 29 0
p 30 0
p 31 0.310407
n 8 1 1 4 1.5
p 8 1
p 32 0
p 33 0
n 9 1 1 4 0.5
p 9 1
p 34 0
p 35 0
a 23 0 0 0 0 0 0 0 0 0 0 0 0 0 1 2 5
a 53 0 0 0 0 0 0 0 0 0 0 1 2 2 2 2 2 2 2 5 5 5 5
a 79 0 0 0 0 0 1 2 2 5 8
a 63 0 0 0 0 0 0 0 0 1 3 5 5 8
a 24 0 0 1 3 6 3 7
a 34 0 0 0 0 0 0 1 2 5 5 5 8
a 41 0 0 0 0 0 0 0 0 0 0 0 0 1 3 5 8
a 19 0 0 0 0 0 0 0 0 1 2 2 2 5 8
a 22 0 0 0 0 0 0 1 2 2 2 2 2 2 2 2 2 5 8
a 0 0 1 2 5 5 8
a 6 0 1 3 5 8
a 14 0 1 3 6 9
a 57 0 1 4 7 7 7 7 7 7 9
a 2 0 1 2 2 5 5 8
a 25 0 1 4 4 7 7 9
a 99 0 1 3 5 5 8
a 91 0 1 3 7 9
a 60 0 1 2 2 5 8
a 59 0 1 2 5 5 8
a 90 0 1 3 7 7 7 7 7 9
a 54 0 1 2 5 8
a 93 0 1 4 7 7 7 7 7 7 7 7 7 7 7 7 9
a 65 0 1 3 6 9
a 95 0 1 3 5 5 5 5 5 5 8
a 83 0 1 4 4 7 9
a 89 0 1 3 5 8
a 49 0 1 2 2 5 5 5 8
a 8 0 1 3 7 7 7 9
a 81 0 1 4 7 7 7 7 7 9
a 75 0 1 3 7 7 9
a 42 0 1 2 5 8
a 38 0 1 4 4 7 7 7 9
a 74 0 0 1 3 6 9
a 84 0 1 2 5 5 8
a 7 0 1 4 7 9
a 88 0 1 2 2 2 2 2 2 5 5 8
a 64 0 1 3 5 8
a 73 0 1 4 7 7 7 7 7 7 7 7 9
a 80 0 1 2 5 8
a 69 0 1 4 4 7 9
a 28 0 0 1 3 5 5 8
a 18 0 1 2 2 2 5 5 8
a 1 0 0 1 3 5 8
a 50 0 0 1 4 4 7 9
a 16 0 1 2 5 5 8
a 26 0 0 1 4 7 7 7 7 7 9
a 67 0 1 2 2 5 8
a 4 0 0 1 3 3 5 5 8
a 92 0 0 1 4 7 7 9
a 46 0 0 0 1 3 7 9
a 44 0 0 1 3 5 5 8
a 82 0 0 1 3 5 8
a 58 0 0 1 2 5 5 8
a 61 0 0 1 2 2 2 5 5 8
a 94 0 0 1 4 7 7 7 7 7 7 7 7 7 7 7 7 9
a 71 0 1 2 2 2 2 2 2 2 2 2 2 5 5 5 5 8
a 51 0 0 0 1 3 3 3 7 7 7 7 7 7 9
a 70 0 0 1 3 5 8
a 97 0 0 1 2 5 5 8
a 56 0 0 1 2 2 5 5 5 8
a 33 0 0 1 4 4 4 4 7 7 7 7 9
a 62 0 0 0 0 1 3 7 7 9
a 3 0 0 1 3 5 5 5 5 5 8
a 98 0 0 0 1 4 4 4 7 7 9
a 45 0 0 0 1 3 5 8
a 20 0 0 0 1 4 4 7 7 7 7 9
a 9 0 0 1 4 4 4 4 4 7 7 7 7 7 7 7 7 7 7 7 9
a 72 0 0 1 2 5 5 5 5 8
a 40 0 0 0 1 3 5 8
a 5 0 0 0 0 1 4 4 7 7 9
a 77 0 0 0 1 3 5 8
a 52 0 0 0 0 1 4 4 7 9
a 13 0 0 0 1 2 2 5 8
a 27 0 0 0 1 2 5 5 8
a 55 0 0 0 1 2 5 8
a 76 0 0 0 0 1 4 7 7 7 9
a 66 0 0 0 1 3 3 5 8
a 15 0 0 1 2 2 2 2 2 5 8
a 35 0 0 0 1 4 7 7 7 7 7 7 7 7 7 7 9
a 32 0 0 1 2 2 2 2 5 5 5 5 5 5 8
a 36 0 0 0 0 0 0 0 0 0 0 1 3 7 7 9
a 85 0 0 0 1 2 5 5 8
a 96 0 0 0 0 0 1 4 7 7 7 7 7 7 9
a 78 0 0 0 1 2 2 5 8
a 12 0 0 0 0 0 1 3 5 5 5 8
a 17 0 0 0 0 0 1 4 4 7 7 7 7 7 9
a 21 0 0 0 0 0 1 3 5 5 8
a 48 0 0 0 1 2 2 2 2 5 5 5 5 8
a 31 0 0 0 0 0 0 0 0 1 4 7 9
a 39 0 0 0 0 0 0 1 3 5 5 8
a 11 0 0 0 0 0 0 0 0 1 4 4 4 7 9
a 68 0 0 0 0 0 0 1 3 5 8
a 10 0 0 0 0 1 2 2 5 8
a 29 0 0 0 0 0 1 2 5 8
a 47 0 0 0 0 0 0 0 0 0 1 4 4 7 7 9
a 43 0 0 0 0 0 0 1 3 3 3 5 8
a 87 0 0 0 0 0 0 0 0 0 0 0 0 1 4 7 7 9
a 86 0 0 0 0 0 0 0 0 0 0 0 0 0 0 1 4 7 7 9
a 30 0 0 0 0 0 0 0 0 0 0 0 1 4 7 7 7 7 7 7 7 7 7 9
a 37 0 0 0 0 0 0 0 0 0 0 0 0 1 4 7 7 7 7 7 7 9
