e 0 0 0 0
e 1 1 1 0.25
e 2 2 2 0.5
e 3 3 3 0.5
e 4 4 4 0.5
e 5 5 5 0.75
e 6 6 6 0.75
e 7 7 7 0.75
e 8 8 8 1
e 9 9 9 1
e 10 0 1 0
e 11 1 0 0
e 12 1 2 0.25
e 13 1 3 0.25
e 14 1 4 0.25
e 15 2 1 0.25
e 16 2 5 0.5
e 17 3 1 0.25
e 18 3 5 0.5
e 19 3 6 0.5
e 20 3 7 0.5
e 21 4 1 0.25
e 22 4 7 0.5
e 23 5 2 0.5
e 24 5 3 0.5
e 25 5 8 0.75
e 26 6 3 0.5
e 27 6 8 0.75
e 28 6 9 0.75
e 29 7 3 0.5
e 30 7 4 0.5
e 31 7 9 0.75
e 32 8 5 0.75
e 33 8 6 0.75
e 34 9 6 0.75
e 35 9 7 0.75
n 0 1 0 0 1
p 0 0.791457
p 10 0.208543
n 1 1 0.25 1 1
p 1 0
p 11 0
p 12 0.289575
p 13 0.358007
p 14 0.352417
n 2 1 0.5 2 2
p 2 0.498789
p 15 0
p 16 0.501211
n 3 1 0.5 2 1
p 3 0.116175
p 17 0
p 18 0.509624
p 19 0.047622
p 20 0.326579
n 4 1 0.5 2 0
p 4 0.397646
p 21 0
p 22 0.602354
n 5 1 0.75 3 2
p 5 0.518035
p 23 0
p 24 0
p 25 0.481965
n 6 1 0.75 3 1
p 6 0.234286
p 26 0.160566
p 27 0.044888
p 28 0.560259
n 7 1 0.75 3 0
p 7 0.689593
p 29 0
p 30 0
p 31 0.310407
n 8 1 1 4 1.5
p 8 1
p 32 0
p 33 0
n 9 1 1 4 0.5
p 9 1
p 34 0
p 35 0
a 12 9
a 52 8
a 26 9
a 99 8
a 56 8
a 63 8
a 1 8
a 45 9
a 44 9
a 82 8
a 39 8
a 65 8
a 18 9
a 66 8
a 34 8
a 16 8
a 70 9
a 30 0 0 0 0 0 0 0 0 0 1 3 7 7 7 7 9 6 6
a 87 0 0 0 0 0 0 0 0 0 0 1 4 7 7 7 7 7 7 9 6
a 6 5 8
a 61 6 9
a 43 7 9
a 57 6 8
a 58 5 8
a 89 6 9
a 40 7 9
a 11 5 8
a 33 7 9
a 88 6 9
a 80 6 9
a 96 5 8
a 0 7 7 9
a 75 6 9
a 91 5 8
a 14 7 7 9
a 97 5 5 8
a 49 7 7 9
a 41 6 6 9
a 94 5 5 8
a 76 6 6 9
a 27 7 7 7 9
a 8 7 7 7 7 9
a 50 6 6 6 6 9
a 95 5 5 5 5 8
a 10 5 5 5 5 8
a 54 7 7 7 7 7 7 7 7 7 7 7 7 7 9
a 25 3 6 9
a 77 4 7 9
a 55 3 5 5 5 5 8
a 29 3 7 7 7 7 9
a 48 2 5 5 5 5 8
a 69 3 6 6 9
a 93 3 7 7 9
a 3 2 5 5 5 8
a 68 4 7 7 9
a 53 3 5 5 5 5 8
a 92 3 5 5 8
a 9 3 7 9
a 36 2 5 5 5 8
a 90 4 4 7 7 9
a 84 3 5 8
a 71 3 5 8
a 74 3 3 7 7 7 9
a 17 4 4 4 7 7 7 9
a 4 2 2 5 8
a 59 4 4 4 7 7 9
a 32 2 5 5 5 5 5 8
a 20 2 2 5 5 8
a 79 4 4 4 7 7 9
a 83 2 2 5 8
a 78 4 4 4 4 7 7 9
a 5 4 4 4 4 7 9
a 31 2 2 2 5 8
a 21 2 2 2 5 5 8
a 7 2 2 2 5 5 5 5 5 8
a 62 2 2 2 2 5 8
a 51 2 2 2 2 2 2 5 8
a 19 2 2 2 2 2 2 2 2 2 2 2 2 5 5 8
a 60 6 3 7 9
a 22 1 3 5 8
a 73 6 3 7 7 7 9
a 24 1 4 7 7 7 9
a 81 6 3 5 8
a 23 1 4 7 7 9
a 46 1 4 7 9
a 2 1 2 2 5 8
a 35 6 3 3 3 5 5 8
a 13 1 2 5 8
a 47 1 2 5 5 5 5 5 8
a 64 1 2 2 5 5 5 5 8
a 37 0 1 3 7 9
a 42 0 1 4 7 9
a 72 0 1 2 5 8
a 98 0 0 1 3 7 9
a 67 0 1 4 7 7 7 7 9
a 28 0 0 1 2 2 2 2 5 8
a 85 0 0 0 0 1 3 7 7 7 9
a 15 0 1 4 7 7 7 7 7 7 7 7 7 9
a 86 0 0 0 0 0 0 0 1 3 7 7 7 7 9
a 38 0 0 0 0 0 0 0 1 4 4 4 4 4 7 7 7 9
