e 0 0 0 0
e 1 1 1 0.25
e 2 2 2 0.5
e 3 3 3 0.5
e 4 4 4 0.5
e 5 5 5 0.75
e 6 6 6 0.75
e 7 7 7 0.75
e 8 8 8 1
e 9 9 9 1
e 10 0 1 0
e 11 1 0 0
e 12 1 2 0.25
e 13 1 3 0.25
e 14 1 4 0.25
e 15 2 1 0.25
e 16 2 5 0.5
e 17 3 1 0.25
e 18 3 5 0.5
e 19 3 6 0.5
e 20 3 7 0.5
e 21 4 1 0.25
e 22 4 7 0.5
e 23 5 2 0.5
e 24 5 3 0.5
e 25 5 8 0.75
e 26 6 3 0.5
e 27 6 8 0.75
e 28 6 9 0.75
e 29 7 3 0.5
e 30 7 4 0.5
e 31 7 9 0.75
e 32 8 5 0.75
e 33 8 6 0.75
e 34 9 6 0.75
e 35 9 7 0.75
n 0 1 0 0 1
p 0 0.536406
p 10 0.463594
n 1 1 0.25 1 1
p 1 0.197317
p 11 0.202408
p 12 0.195327
p 13 0.027697
p 14 0.377251
n 2 1 0.5 2 2
p 2 0.416247
p 15 0.409366
p 16 0.174387
n 3 1 0.5 2 1
p 3 0.0708622
p 17 0
p 18 0.398992
p 19 0.183093
p 20 0.347053
n 4 1 0.5 2 0
p 4 0.433111
p 21 0
p 22 0.566889
n 5 1 0.75 3 2
p 5 0.567511
p 23 0
p 24 0
p 25 0.432489
n 6 1 0.75 3 1
p 6 0.195109
p 26 0.0295494
p 27 0.251003
p 28 0.524338
n 7 1 0.75 3 0
p 7 0.713797
p 29 0.0566629
p 30 0
p 31 0.22954
n 8 1 1 4 1.5
p 8 0.843431
p 32 0.0838941
p 33 0.0726746
n 9 1 1 4 0.5
p 9 0.950293
p 34 0
p 35 0.049707
a 98 7 7 7 7 7 7 7 3 7 7 7 7 9 6 9
a 58 6 3 7 7 7 9 7 7 7 7 9 6
a 0 5 8
a 96 7 9
a 61 6 8
a 62 6 9
a 2 5 8
a 92 7 9
a 60 6 8
a 57 6 9
a 53 6 9
a 88 7 9
a 6 5 8
a 56 6 8
a 55 6 8
a 82 7 9
a 12 5 8
a 52 6 9
a 81 7 9
a 49 6 9
a 54 6 8
a 21 5 8
a 75 7 9
a 48 6 9
a 42 6 8
a 73 7 9
a 20 5 8
a 47 6 9
a 71 7 9
a 44 6 9
a 37 6 8
a 17 5 8
a 43 6 9
a 69 7 9
a 40 6 9
a 31 5 8
a 68 7 9
a 36 6 8
a 65 6 8
a 39 6 9
a 90 7 7 9
a 28 5 5 8
a 38 6 9
a 34 6 9
a 13 5 5 8
a 89 7 7 9
a 33 6 9
a 26 5 5 8
a 83 7 7 9
a 66 6 9
a 74 7 7 9
a 11 5 5 8
a 64 6 9
a 24 5 5 8
a 63 6 9
a 4 5 5 8
a 3 5 5 8
a 97 7 7 7 7 9
a 59 6 6 9
a 18 5 5 8
a 84 7 7 7 7 9
a 78 7 7 7 7 9
a 35 6 6 9
a 30 5 5 5 8
a 15 5 5 5 8
a 51 6 6 6 9
a 9 5 5 5 8
a 1 5 5 5 8
a 45 6 6 6 9
a 86 7 7 7 7 7 7 9
a 10 5 5 5 8
a 8 5 5 5 8
a 7 5 5 5 8
a 72 7 7 7 7 7 7 7 7 9
a 14 5 5 5 5 8
a 23 5 5 5 5 8
a 80 7 7 7 7 7 7 7 7 9
a 29 5 5 5 5 8
a 27 5 5 5 5 8
a 22 5 5 5 5 8
a 32 5 5 5 5 8
a 16 5 5 5 5 8
a 70 7 7 7 7 7 7 7 7 7 7 9
a 85 7 3 5 5 5 8
a 91 7 3 7 7 7 9
a 25 5 8 6 6 9
a 67 7 7 7 3 6 9
a 87 7 3 7 9
a 94 7 7 3 3 3 5 8
a 41 6 8 6 9
a 19 5 8 5 5 5 8
a 95 7 7 7 3 5 8
a 50 6 6 9 7 7 9
a 77 7 7 7 3 5 5 5 8
a 79 7 7 7 7 7 3 7 7 7 9
a 5 5 5 5 5 8 6 6 9
a 93 7 7 7 7 7 7 3 5 5 8
a 46 6 8 5 8 5 8
a 76 7 7 7 7 7 7 3 5 5 5 8 6 8
a 99 7 7 7 7 7 7 7 3 5 5 8 5 5 5 8
