e 0 0 0 0
e 1 1 1 0.25
e 2 2 2 0.5
e 3 3 3 0.5
e 4 4 4 0.5
e 5 5 5 0.75
e 6 6 6 0.75
e 7 7 7 0.75
e 8 8 8 1
e 9 9 9 1
e 10 0 1 0
e 11 1 0 0
e 12 1 2 0.25
e 13 1 3 0.25
e 14 1 4 0.25
e 15 2 1 0.25
e 16 2 5 0.5
e 17 3 1 0.25
e 18 3 5 0.5
e 19 3 6 0.5
e 20 3 7 0.5
e 21 4 1 0.25
e 22 4 7 0.5
e 23 5 2 0.5
e 24 5 3 0.5
e 25 5 8 0.75
e 26 6 3 0.5
e 27 6 8 0.75
e 28 6 9 0.75
e 29 7 3 0.5
e 30 7 4 0.5
e 31 7 9 0.75
e 32 8 5 0.75
e 33 8 6 0.75
e 34 9 6 0.75
e 35 9 7 0.75
n 0 1 0 0 1
p 0 0.487329
p 10 0.512671
n 1 1 0.25 1 1
p 1 0.142342
p 11 0.280573
p 12 0.0157576
p 13 0.0383926
p 14 0.522935
n 2 1 0.5 2 2
p 2 0.53414
p 15 0.00431911
p 16 0.461541
n 3 1 0.5 2 1
p 3 0
p 17 0
p 18 0.533837
p 19 0.111456
p 20 0.354706
n 4 1 0.5 2 0
p 4 0.537414
p 21 0.0132407
p 22 0.449346
n 5 1 0.75 3 2
p 5 0.44756
p 23 0
p 24 0
p 25 0.55244
n 6 1 0.75 3 1
p 6 0.144021
p 26 0.0423181
p 27 0.26922
p 28 0.544441
n 7 1 0.75 3 0
p 7 0.748844
p 29 0
p 30 0
p 31 0.251156
n 8 1 1 4 1.5
p 8 0.901412
p 32 0.0166889
p 33 0.0818988
n 9 1 1 4 0.5
p 9 0.965974
p 34 0.0340255
p 35 0
a 23 2 5 5 8 6 3 6
a 46 3 6 8
a 6 2 5 8
a 61 3 7 9
a 40 3 6 9
a 62 3 5 8
a 97 4 7 7 7 9
a 38 3 6 9
a 60 3 7 9
a 29 2 5 8
a 57 3 5 8
a 96 4 7 7 9
a 5 2 5 8
a 58 3 7 7 9
a 52 3 5 8
a 93 4 7 7 9
a 95 4 7 7 7 7 7 7 9
a 24 2 5 8
a 56 3 7 7 7 9
a 26 2 5 5 5 5 8
a 91 4 7 7 7 9
a 51 3 5 5 8
a 50 3 5 8
a 59 3 7 7 7 7 7 7 7 7 7 9
a 54 3 7 9
a 89 4 7 9
a 49 3 5 8
a 55 3 7 7 7 7 9
a 22 2 5 5 8
a 47 3 5 8
a 48 3 7 7 9
a 87 4 7 9
a 21 2 5 5 8
a 90 4 7 7 7 7 7 7 9
a 45 3 5 8
a 88 4 7 7 7 9
a 9 2 5 5 8
a 86 4 7 9
a 44 3 5 5 8
a 85 4 7 9
a 8 2 5 5 8
a 39 3 5 5 8
a 34 3 7 9
a 18 2 5 5 8
a 37 3 7 7 9
a 36 3 5 8
a 41 3 7 7 7 7 9
a 35 3 5 8
a 84 4 7 7 7 9
a 15 2 5 8
a 33 3 5 8
a 64 3 5 8
a 66 3 5 5 8
a 76 4 7 7 7 9
a 16 2 5 5 5 5 5 8
a 82 4 7 7 7 7 7 7 9
a 30 2 2 5 5 8
a 14 2 2 5 5 5 8
a 71 4 7 7 9
a 63 3 5 5 8
a 73 4 7 7 7 9
a 12 2 2 5 8
a 42 3 7 7 7 7 7 7 7 7 7 7 9
a 13 2 2 5 5 8
a 75 4 7 7 7 7 9
a 11 2 2 5 8
a 99 4 4 7 9
a 25 2 2 5 5 8
a 81 4 7 7 7 7 7 7 7 9
a 10 2 2 5 8
a 31 2 2 5 8
a 65 3 7 7 7 7 7 7 7 7 7 9
a 94 4 4 7 7 7 9
a 17 2 2 5 8
a 7 2 2 5 8
a 70 4 4 7 7 9
a 4 2 2 5 5 5 5 8
a 0 2 2 2 5 8
a 67 4 4 7 7 7 9
a 19 2 2 5 5 5 5 8
a 83 4 4 7 7 7 7 7 9
a 2 2 2 2 5 8
a 74 4 4 7 7 7 7 7 9
a 28 2 2 2 5 8
a 27 2 2 2 5 8
a 32 2 2 2 5 8
a 77 4 4 4 7 7 7 7 9
a 72 4 4 4 7 7 7 7 7 9
a 1 2 2 2 2 5 8
a 20 2 2 2 2 5 8
a 79 4 4 4 4 4 7 7 7 7 9
a 98 4 4 4 4 4 4 4 7 7 9
a 3 2 2 2 2 2 2 5 8
a 68 4 4 4 4 4 4 4 7 7 7 9
a 92 4 4 7 7 7 7 7 7 7 7 7 7 7 7 7 7 9
a 53 3 5 5 5 5 8 6 6 8
a 78 4 7 9 6 9
a 43 3 7 7 7 7 7 7 7 7 7 7 9 6 6 9
a 69 4 7 7 9 6 6 9
a 80 4 4 1 0 1 4 7 7 7 7 7 7 7 9
