e 0 0 0 0
e 1 1 1 0.25
e 2 2 2 0.5
e 3 3 3 0.5
e 4 4 4 0.5
e 5 5 5 0.75
e 6 6 6 0.75
e 7 7 7 0.75
e 8 8 8 1
e 9 9 9 1
e 10 0 1 0
e 11 1 0 0
e 12 1 2 0.25
e 13 1 3 0.25
e 14 1 4 0.25
e 15 2 1 0.25
e 16 2 5 0.5
e 17 3 1 0.25
e 18 3 5 0.5
e 19 3 6 0.5
e 20 3 7 0.5
e 21 4 1 0.25
e 22 4 7 0.5
e 23 5 2 0.5
e 24 5 3 0.5
e 25 5 8 0.75
e 26 6 3 0.5
e 27 6 8 0.75
e 28 6 9 0.75
e 29 7 3 0.5
e 30 7 4 0.5
e 31 7 9 0.75
e 32 8 5 0.75
e 33 8 6 0.75
e 34 9 6 0.75
e 35 9 7 0.75
n 0 1 0 0 1
p 0 0.552096
p 10 0.447904
n 1 1 0.25 1 1
p 1 0.589991
p 11 0
p 12 0.0496707
p 13 0.0290841
p 14 0.331254
n 2 1 0.5 2 2
p 2 0.613233
p 15 0
p 16 0.386767
n 3 1 0.5 2 1
p 3 0.274439
p 17 0
p 18 0.113122
p 19 0.0846453
p 20 0.527794
n 4 1 0.5 2 0
p 4 0.333928
p 21 0.00120968
p 22 0.664863
n 5 1 0.75 3 2
p 5 0.598737
p 23 0
p 24 0
p 25 0.401263
n 6 1 0.75 3 1
p 6 0.434901
p 26 0
p 27 0.565099
p 28 0
n 7 1 0.75 3 0
p 7 0.285879
p 29 0
p 30 0
p 31 0.714121
n 8 1 1 4 1.5
p 8 1
p 32 0
p 33 0
n 9 1 1 4 0.5
p 9 1
p 34 0
p 35 0
a 98 9
a 97 9
a 99 9
a 96 9
a 90 9
a 95 9
a 81 8
a 94 9
a 93 9
a 92 9
a 91 9
a 89 8
a 82 8
a 88 8
a 87 8
a 86 8
a 85 8
a 84 8
a 83 8
a 80 8
a 0 0 1 1 1 4 4 4 7
a 6 0 1 1 1 1 1 4 7 7
a 9 0 0 1 1 1 4 7
a 4 0 1 1 1 1 1 1 1 4 7
a 3 0 0 1 4 7
a 7 0 0 1 4 4 7
a 1 0 0 0 1 1 1 1 4 4 7
a 5 0 0 0 0 0 1 1 1 4 7
a 2 0 0 0 0 0 0 1 1 4 7 7
a 59 5 8
a 79 7 9
a 62 6 8
a 58 5 8
a 78 7 9
a 61 6 8
a 8 0 0 0 0 0 0 0 0 0 1 4 4 4 4 7
a 77 7 9
a 54 5 8
a 67 6 8
a 66 6 8
a 53 5 8
a 76 7 9
a 72 7 9
a 64 6 8
a 52 5 8
a 71 7 9
a 51 5 8
a 60 6 6 8
a 70 7 9
a 57 5 5 8
a 63 6 6 8
a 65 6 6 8
a 74 7 7 9
a 56 5 5 8
a 75 7 7 9
a 55 5 5 8
a 69 6 6 8
a 50 5 5 8
a 68 6 6 8
a 73 7 7 7 7 9
a 29 2 5 8
a 49 4 7 9
a 38 3 5 5 8
a 30 3 7 9
a 27 2 5 8
a 45 4 7 9
a 39 3 7 9
a 25 2 5 5 8
a 44 4 7 9
a 37 3 7 7 7 9
a 23 2 5 5 5 5 8
a 36 3 7 9
a 43 4 7 9
a 20 2 5 5 5 8
a 35 3 7 9
a 42 4 7 9
a 26 2 2 5 5 8
a 22 2 2 5 5 8
a 34 3 7 9
a 21 2 2 5 5 5 8
a 40 4 7 7 9
a 32 3 7 9
a 31 3 7 9
a 47 4 4 7 7 9
a 48 4 4 7 9
a 33 3 3 7 9
a 28 2 2 2 2 2 2 2 2 5 5 8
a 41 4 4 7 7 9
a 24 2 2 2 2 2 5 5 5 5 5 5 5 8
a 46 4 4 4 7 7 9
a 12 1 2 2 5 5 8
a 19 1 3 7 7 9
a 13 1 4 7 9
a 17 1 1 1 2 2 2 2 5 8
a 11 1 4 7 9
a 10 1 4 7 9
a 18 1 4 4 4 7 7 9
a 16 1 1 4 7 9
a 15 1 1 1 1 4 7 9
a 14 1 1 1 1 4 4 7 7 9
