e 0 0 0 0
e 1 1 1 0.25
e 2 2 2 0.5
e 3 3 3 0.5
e 4 4 4 0.5
e 5 5 5 0.75
e 6 6 6 0.75
e 7 7 7 0.75
e 8 8 8 1
e 9 9 9 1
e 10 0 1 0
e 11 1 0 0
e 12 1 2 0.25
e 13 1 3 0.25
e 14 1 4 0.25
e 15 2 1 0.25
e 16 2 5 0.5
e 17 3 1 0.25
e 18 3 5 0.5
e 19 3 6 0.5
e 20 3 7 0.5
e 21 4 1 0.25
e 22 4 7 0.5
e 23 5 2 0.5
e 24 5 3 0.5
e 25 5 8 0.75
e 26 6 3 0.5
e 27 6 8 0.75
e 28 6 9 0.75
e 29 7 3 0.5
e 30 7 4 0.5
e 31 7 9 0.75
e 32 8 5 0.75
e 33 8 6 0.75
e 34 9 6 0.75
e 35 9 7 0.75
n 0 1 0 0 1
p 0 0.942336
p 10 0.0576641
n 1 1 0.25 1 1
p 1 0.0389269
p 11 0
p 12 0.265205
p 13 0.325852
p 14 0.370016
n 2 1 0.5 2 2
p 2 0.442388
p 15 0.126037
p 16 0.431575
n 3 1 0.5 2 1
p 3 0.0189562
p 17 0
p 18 0.652588
p 19 0.0609813
p 20 0.267474
n 4 1 0.5 2 0
p 4 0.455313
p 21 0.0106924
p 22 0.533994
n 5 1 0.75 3 2
p 5 0.442778
p 23 0
p 24 0
p 25 0.557222
n 6 1 0.75 3 1
p 6 0.107651
p 26 0.0844879
p 27 0.215404
p 28 0.592456
n 7 1 0.75 3 0
p 7 0.688271
p 29 0
p 30 0
p 31 0.311729
n 8 1 1 4 1.5
p 8 0.948359
p 32 0.0516409
p 33 0
n 9 1 1 4 0.5
p 9 1
p 34 0
p 35 0
a 88 1 3 5 8 5 5 5
a 67 1 4 7 9 6 6
a 69 1 4 7 7 9 6 6 6
a 70 1 4 4 7 7 9 6
a 65 1 4 4 7 7 9 6
a 71 1 4 4 4 4 7 9 6
a 66 1 4 4 7 7 7 7 7 7 9 6
a 72 1 4 4 4 4 7 7 7 7 9 6
a 15 1 4 7 7 7 7 7 7 7 9 6 6
a 92 1 2 1 4 4 7 7 7 7 9
a 63 1 4 7 7 7 9 6 6
a 90 1 3 6 3 7 7 7 9
a 3 1 2 2 1 4 4 4 7 7 9
a 89 1 1 1 4 4 4 7 9 6
a 34 1 4 4 4 7 7 7 7 7 7 7 7 7 7 7 7 7 7 7 7 7 9 6
a 8 1 2 2 2 2 2 2 1 4 4 4 7 7 7 9
a 0 1 3 7 9
a 2 1 4 7 7 9
a 30 1 3 5 8
a 14 1 2 2 5 5 8
a 62 1 4 7 7 7 7 9
a 94 1 3 6 8
a 61 1 3 5 8
a 99 1 4 7 9
a 60 1 3 5 8
a 13 1 4 7 9
a 54 1 2 5 5 5 5 8
a 29 1 3 7 7 7 7 7 7 7 7 9
a 24 1 2 5 8
a 57 1 3 7 7 9
a 59 1 3 5 8
a 95 1 2 5 8
a 27 1 4 4 7 7 7 7 9
a 56 1 4 4 7 7 9
a 1 1 2 2 5 8
a 25 1 3 7 7 7 7 7 9
a 55 1 4 7 7 9
a 10 1 3 7 9
a 44 1 2 5 8
a 50 1 3 5 5 8
a 5 1 4 4 7 9
a 43 1 2 5 8
a 12 1 4 7 9
a 91 1 3 7 7 9
a 93 1 3 5 8
a 53 1 4 7 9
a 81 1 2 5 5 5 8
a 21 1 3 7 7 9
a 49 1 3 5 5 5 5 5 5 5 8
a 77 1 2 5 8
a 9 1 3 7 9
a 51 1 4 4 4 7 9
a 73 1 2 5 5 5 8
a 26 1 4 4 4 4 4 7 7 7 7 9
a 68 1 2 5 8
a 20 1 3 5 5 8
a 52 1 4 4 4 7 7 7 7 7 9
a 35 1 2 2 5 5 8
a 23 1 4 4 7 7 7 9
a 31 1 2 5 8
a 86 1 3 7 7 7 7 7 9
a 11 1 4 4 4 7 7 7 9
a 41 1 3 5 5 5 8
a 48 1 4 4 7 7 9
a 40 1 3 5 5 8
a 19 1 3 7 7 7 7 7 9
a 79 1 3 5 8
a 75 1 3 7 9
a 78 1 3 5 8
a 47 1 4 7 7 7 9
a 97 1 4 4 7 7 9
a 74 1 3 7 9
a 37 1 3 7 7 7 7 7 9
a 96 1 4 7 7 9
a 16 1 3 5 5 8
a 98 1 4 4 4 7 7 7 7 9
a 4 1 4 4 7 9
a 33 1 3 5 5 5 8
a 32 1 3 7 7 7 9
a 64 1 3 5 5 8
a 22 1 1 3 5 8
a 42 1 4 7 7 9
a 45 1 4 4 7 9
a 87 1 1 3 5 5 5 8
a 39 1 4 7 9
a 46 1 4 7 7 7 7 7 7 7 7 9
a 84 1 4 4 4 7 9
a 85 1 4 4 7 7 7 7 7 9
a 76 1 4 7 9
a 18 1 4 7 7 7 7 9
a 83 1 4 7 7 7 7 7 7 7 7 9
a 17 1 4 7 7 9
a 82 1 4 4 7 7 7 7 7 7 9
a 80 1 4 4 7 7 7 7 9
a 38 1 4 4 7 7 7 7 9
a 36 1 4 4 7 7 7 9
a 7 1 4 7 7 7 9
a 6 1 2 2 5 5 5 8 5 5 8
a 28 1 2 2 2 2 1 3 5 8
a 58 1 3 5 5 8 5 5 5 8
