100
13
4 0.000000 0.000000 0.693575 0.306425
4 0.124244 0.000000 0.705978 0.169778
5 0.239140 0.000000 0.224751 0.180164 0.355945
7 0.076930 0.000000 0.000000 0.000000 0.000000 0.000000 0.923070
4 0.250002 0.154467 0.409691 0.185840
4 0.206524 0.000000 0.000000 0.793476
7 0.000000 0.032998 0.014665 0.023997 0.126212 0.472197 0.329930
5 0.000000 0.000000 0.000000 0.000000 1.000000
4 0.351303 0.157525 0.000000 0.491173
6 0.000000 0.075992 0.053842 0.422362 0.144193 0.303613
5 0.027880 0.000000 0.000000 0.000000 0.972120
3 0.718994 0.281006 0.000000
3 1.000000 0.000000 0.000000
13
4 0.000000 0.000000 0.712859 0.287141
4 0.043191 0.000000 0.719705 0.237103
5 0.149326 0.000000 0.419762 0.219348 0.211565
7 0.102476 0.000000 0.000000 0.000000 0.000000 0.228930 0.668594
4 0.195374 0.115237 0.258326 0.431062
4 0.050886 0.006419 0.000000 0.942695
7 0.033245 0.033628 0.000000 0.000000 0.115677 0.481217 0.336233
5 0.000000 0.000000 0.000000 0.000000 1.000000
4 0.251698 0.006568 0.106310 0.635424
6 0.000000 0.074760 0.052969 0.370393 0.263737 0.238141
5 0.025102 0.000000 0.000000 0.000000 0.974898
3 0.904736 0.095264 0.000000
3 1.000000 0.000000 0.000000
13
4 0.000000 0.000000 0.737405 0.262595
4 0.115676 0.000000 0.657288 0.227036
5 0.239840 0.000000 0.225408 0.272205 0.262546
7 0.173565 0.000000 0.000000 0.000000 0.000000 0.092984 0.733452
4 0.299578 0.147371 0.330358 0.222693
4 0.184141 0.000000 0.000000 0.815859
7 0.000000 0.034255 0.015224 0.000000 0.117833 0.490187 0.342500
5 0.000000 0.000000 0.000000 0.000000 1.000000
4 0.343650 0.005752 0.000000 0.650599
6 0.000000 0.075992 0.053842 0.422362 0.144193 0.303613
5 0.027880 0.000000 0.000000 0.000000 0.972120
3 0.718994 0.281006 0.000000
3 1.000000 0.000000 0.000000
13
4 0.042519 0.000000 0.711754 0.245727
4 0.015745 0.000000 0.737742 0.246513
5 0.149326 0.000000 0.419762 0.219348 0.211565
7 0.097419 0.000000 0.000000 0.000000 0.000000 0.266981 0.635600
4 0.208670 0.055026 0.275906 0.460398
4 0.152044 0.006440 0.121796 0.719720
7 0.035836 0.030215 0.000000 0.000000 0.103934 0.580575 0.249440
5 0.000000 0.000000 0.000000 0.000000 1.000000
4 0.312356 0.007036 0.000000 0.680608
6 0.000000 0.069146 0.048991 0.417673 0.243932 0.220258
5 0.023656 0.000000 0.000000 0.000000 0.976344
3 0.690506 0.215338 0.094156
3 1.000000 0.000000 0.000000
13
4 0.000000 0.000000 0.713234 0.286766
4 0.018289 0.000000 0.624014 0.357697
5 0.248496 0.000000 0.233543 0.245939 0.272021
7 0.047312 0.000000 0.000000 0.000000 0.000000 0.107189 0.845499
4 0.340535 0.167518 0.238808 0.253138
4 0.206344 0.000000 0.041500 0.752156
7 0.000000 0.033731 0.014991 0.000000 0.116029 0.600077 0.235172
5 0.088135 0.000000 0.000000 0.000000 0.911865
4 0.345638 0.000000 0.000000 0.654362
6 0.000000 0.071884 0.050931 0.453588 0.136398 0.287200
5 0.000000 0.000000 0.000000 0.000000 1.000000
3 0.678465 0.321535 0.000000
3 1.000000 0.000000 0.000000
13
4 0.000000 0.000000 0.682420 0.317580
4 0.043191 0.000000 0.719705 0.237103
5 0.149326 0.000000 0.419762 0.219348 0.211565
7 0.102476 0.000000 0.000000 0.000000 0.000000 0.228930 0.668594
4 0.195374 0.115237 0.258326 0.431062
4 0.050886 0.006419 0.000000 0.942695
7 0.034401 0.000000 0.000000 0.000000 0.119703 0.497963 0.347933
5 0.017135 0.000000 0.000000 0.000000 0.982865
4 0.251698 0.006568 0.106310 0.635424
6 0.000000 0.074760 0.052969 0.370393 0.263737 0.238141
5 0.025102 0.000000 0.000000 0.000000 0.974898
3 0.864706 0.135294 0.000000
3 1.000000 0.000000 0.000000
13
4 0.000000 0.000000 0.737405 0.262595
4 0.115676 0.000000 0.657288 0.227036
5 0.264000 0.000000 0.248114 0.198892 0.288993
7 0.184931 0.000000 0.000000 0.000000 0.000000 0.033582 0.781486
4 0.288687 0.178369 0.318348 0.214597
4 0.205033 0.000000 0.000000 0.794967
7 0.000000 0.034255 0.015224 0.000000 0.117833 0.490187 0.342500
5 0.000000 0.000000 0.000000 0.000000 1.000000
4 0.343650 0.005752 0.000000 0.650599
6 0.000000 0.075992 0.053842 0.422362 0.144193 0.303613
5 0.027880 0.000000 0.000000 0.000000 0.972120
3 0.718994 0.281006 0.000000
3 1.000000 0.000000 0.000000
13
4 0.000000 0.000000 0.713234 0.286766
4 0.018325 0.000000 0.625236 0.356439
5 0.248496 0.000000 0.233543 0.245939 0.272021
7 0.047312 0.000000 0.000000 0.000000 0.000000 0.107189 0.845499
4 0.340535 0.167518 0.238808 0.253138
4 0.206344 0.000000 0.041500 0.752156
7 0.000000 0.038217 0.016985 0.000000 0.131462 0.546883 0.266452
5 0.088135 0.000000 0.000000 0.000000 0.911865
4 0.345638 0.000000 0.000000 0.654362
6 0.000000 0.071884 0.050931 0.453588 0.136398 0.287200
5 0.000000 0.000000 0.000000 0.000000 1.000000
3 0.697291 0.302709 0.000000
3 1.000000 0.000000 0.000000
13
4 0.000000 0.000000 0.655998 0.344002
4 0.035368 0.009125 0.703053 0.252454
5 0.212906 0.000000 0.233395 0.281850 0.271849
7 0.190169 0.000000 0.000000 0.000000 0.000000 0.091116 0.718715
4 0.309471 0.152237 0.319816 0.218476
4 0.184141 0.000000 0.000000 0.815859
7 0.000000 0.025457 0.011314 0.000000 0.178193 0.530507 0.254529
5 0.001213 0.000000 0.000000 0.000000 0.998787
4 0.349337 0.039973 0.000000 0.610691
6 0.055647 0.070572 0.050002 0.541819 0.000000 0.281960
5 0.031513 0.000000 0.000000 0.000000 0.968487
3 0.754434 0.245566 0.000000
3 0.881677 0.000000 0.118323
13
4 0.000000 0.000000 0.713234 0.286766
4 0.018289 0.000000 0.624014 0.357697
5 0.251532 0.000000 0.224177 0.248945 0.275345
7 0.047312 0.000000 0.000000 0.000000 0.000000 0.107189 0.845499
4 0.340535 0.167518 0.238808 0.253138
4 0.206344 0.000000 0.041500 0.752156
7 0.000000 0.033731 0.014991 0.000000 0.116029 0.600077 0.235172
5 0.088135 0.000000 0.000000 0.000000 0.911865
4 0.345638 0.000000 0.000000 0.654362
6 0.043201 0.068778 0.048731 0.433993 0.130505 0.274792
5 0.000000 0.000000 0.000000 0.000000 1.000000
3 0.678465 0.321535 0.000000
3 1.000000 0.000000 0.000000
13
4 0.000000 0.000000 0.712859 0.287141
4 0.043191 0.000000 0.719705 0.237103
5 0.149326 0.000000 0.419762 0.219348 0.211565
7 0.097419 0.000000 0.000000 0.000000 0.000000 0.266981 0.635600
4 0.195374 0.115237 0.258326 0.431062
4 0.050886 0.006419 0.000000 0.942695
7 0.039622 0.033407 0.000000 0.000000 0.114914 0.478043 0.334014
5 0.000000 0.000000 0.000000 0.000000 1.000000
4 0.281639 0.007350 0.000000 0.711012
6 0.000000 0.074760 0.052969 0.370393 0.263737 0.238141
5 0.024910 0.000000 0.007632 0.000000 0.967458
3 0.747278 0.252722 0.000000
3 1.000000 0.000000 0.000000
13
4 0.000000 0.000000 0.713789 0.286211
4 0.115676 0.000000 0.657288 0.227036
5 0.264000 0.000000 0.248114 0.198892 0.288993
7 0.189590 0.000000 0.000000 0.000000 0.000000 0.009239 0.801171
4 0.343099 0.023507 0.378350 0.255044
4 0.205033 0.000000 0.000000 0.794967
7 0.165537 0.028585 0.012704 0.000000 0.098328 0.409043 0.285804
5 0.000000 0.000000 0.000000 0.000000 1.000000
4 0.343650 0.005752 0.000000 0.650599
6 0.000000 0.073537 0.052102 0.408719 0.171836 0.293806
5 0.131157 0.000000 0.000000 0.000000 0.868843
3 0.692419 0.270620 0.036961
3 1.000000 0.000000 0.000000
13
4 0.000000 0.000000 0.750797 0.249203
4 0.038477 0.007809 0.742491 0.211223
5 0.251669 0.000000 0.369261 0.192959 0.186112
7 0.097419 0.000000 0.000000 0.000000 0.000000 0.266981 0.635600
4 0.195374 0.115237 0.258326 0.431062
4 0.052067 0.006568 0.000000 0.941365
7 0.037869 0.031929 0.000000 0.044242 0.109830 0.456893 0.319237
5 0.000000 0.000000 0.000000 0.000000 1.000000
4 0.279722 0.000000 0.000000 0.720278
6 0.000000 0.077218 0.054710 0.382570 0.272408 0.213095
5 0.024910 0.000000 0.007632 0.000000 0.967458
3 0.747278 0.252722 0.000000
3 1.000000 0.000000 0.000000
13
4 0.000000 0.000000 0.737405 0.262595
4 0.099510 0.000000 0.705183 0.195307
5 0.017410 0.000000 0.331243 0.265530 0.385818
7 0.183117 0.000000 0.009813 0.000000 0.000000 0.033253 0.773817
4 0.288687 0.178369 0.318348 0.214597
4 0.277537 0.000000 0.000000 0.722463
7 0.000000 0.032864 0.014606 0.000000 0.153662 0.470279 0.328590
5 0.133240 0.000000 0.000000 0.000000 0.866760
4 0.343650 0.005752 0.000000 0.650599
6 0.000000 0.075992 0.053842 0.422362 0.144193 0.303613
5 0.069723 0.000000 0.000000 0.000000 0.930277
3 0.718994 0.281006 0.000000
3 0.999889 0.000000 0.000111
13
4 0.000000 0.000000 0.713234 0.286766
4 0.018905 0.000000 0.613380 0.367715
5 0.248496 0.000000 0.233543 0.245939 0.272021
7 0.047312 0.000000 0.000000 0.000000 0.000000 0.107189 0.845499
4 0.340535 0.167518 0.238808 0.253138
4 0.206344 0.000000 0.041500 0.752156
7 0.000000 0.038217 0.016985 0.000000 0.131462 0.546883 0.266452
5 0.088135 0.000000 0.000000 0.000000 0.911865
4 0.345638 0.000000 0.000000 0.654362
6 0.000000 0.071884 0.050931 0.453588 0.136398 0.287200
5 0.000000 0.000000 0.000000 0.000000 1.000000
3 0.697291 0.302709 0.000000
3 1.000000 0.000000 0.000000
13
4 0.000000 0.000000 0.686339 0.313661
4 0.124244 0.000000 0.705978 0.169778
5 0.223303 0.000000 0.209866 0.168232 0.398598
7 0.000000 0.000000 0.000000 0.000000 0.000000 0.000000 1.000000
4 0.207629 0.163194 0.432838 0.196339
4 0.206524 0.000000 0.000000 0.793476
7 0.000000 0.032998 0.014665 0.023997 0.126212 0.472197 0.329930
5 0.000000 0.000000 0.000000 0.000000 1.000000
4 0.351303 0.157525 0.000000 0.491173
6 0.000000 0.084500 0.059870 0.357685 0.160337 0.337607
5 0.000000 0.000000 0.000000 0.000000 1.000000
3 0.718994 0.281006 0.000000
3 1.000000 0.000000 0.000000
13
4 0.000000 0.000000 0.712859 0.287141
4 0.043191 0.000000 0.719705 0.237103
5 0.207217 0.000000 0.391195 0.204421 0.197167
7 0.098732 0.000000 0.000000 0.000000 0.000000 0.257105 0.644163
4 0.195374 0.115237 0.258326 0.431062
4 0.049769 0.028236 0.000000 0.921995
7 0.039622 0.033407 0.000000 0.000000 0.114914 0.478043 0.334014
5 0.000000 0.000000 0.000000 0.000000 1.000000
4 0.281639 0.007350 0.000000 0.711012
6 0.000000 0.071961 0.050986 0.356528 0.253865 0.266660
5 0.027423 0.000000 0.008402 0.000000 0.964175
3 0.783400 0.216600 0.000000
3 1.000000 0.000000 0.000000
13
4 0.000000 0.000000 0.721853 0.278147
4 0.110935 0.000000 0.630353 0.258711
5 0.239140 0.000000 0.224751 0.180164 0.355945
7 0.076930 0.000000 0.000000 0.000000 0.000000 0.000000 0.923070
4 0.250002 0.154467 0.409691 0.185840
4 0.206524 0.000000 0.000000 0.793476
7 0.000000 0.032998 0.014665 0.023997 0.126212 0.472197 0.329930
5 0.000000 0.000000 0.000000 0.000000 1.000000
4 0.336101 0.161216 0.000000 0.502683
6 0.000000 0.075992 0.053842 0.422362 0.144193 0.303613
5 0.027880 0.000000 0.000000 0.000000 0.972120
3 0.718994 0.281006 0.000000
3 1.000000 0.000000 0.000000
13
4 0.000000 0.031481 0.714191 0.254328
4 0.017327 0.000000 0.722331 0.260342
5 0.214341 0.031062 0.201443 0.318521 0.234633
7 0.156976 0.000000 0.000000 0.000000 0.000000 0.198635 0.644389
4 0.182062 0.127119 0.284959 0.405860
4 0.184141 0.000000 0.000000 0.815859
7 0.038405 0.032380 0.014391 0.000000 0.111383 0.463353 0.340089
5 0.000000 0.000000 0.000000 0.000000 1.000000
4 0.339154 0.006503 0.000000 0.654343
6 0.000000 0.082810 0.058673 0.460259 0.134475 0.263784
5 0.027880 0.000000 0.000000 0.000000 0.972120
3 0.682728 0.293737 0.023535
3 1.000000 0.000000 0.000000
13
4 0.000000 0.000000 0.712859 0.287141
4 0.043191 0.000000 0.719705 0.237103
5 0.149326 0.000000 0.419762 0.219348 0.211565
7 0.077335 0.000000 0.000000 0.000000 0.000000 0.272922 0.649744
4 0.195374 0.115237 0.258326 0.431062
4 0.050886 0.006419 0.000000 0.942695
7 0.039622 0.033407 0.000000 0.000000 0.114914 0.478043 0.334014
5 0.000000 0.000000 0.000000 0.000000 1.000000
4 0.320704 0.008369 0.000000 0.670927
6 0.000000 0.066266 0.046950 0.328308 0.347393 0.211083
5 0.024910 0.000000 0.007632 0.000000 0.967458
3 0.747278 0.252722 0.000000
3 1.000000 0.000000 0.000000
13
4 0.000000 0.000000 0.737405 0.262595
4 0.101072 0.000000 0.700555 0.198373
5 0.017410 0.000000 0.331243 0.265530 0.385818
7 0.184931 0.000000 0.000000 0.000000 0.000000 0.033582 0.781486
4 0.288687 0.178369 0.318348 0.214597
4 0.240682 0.000000 0.000000 0.759318
7 0.000000 0.034255 0.015224 0.000000 0.117833 0.490187 0.342500
5 0.133240 0.000000 0.000000 0.000000 0.866760
4 0.343650 0.005752 0.000000 0.650599
6 0.000000 0.075992 0.053842 0.422362 0.144193 0.303613
5 0.070488 0.000000 0.000000 0.000000 0.929512
3 0.718994 0.281006 0.000000
3 0.999889 0.000000 0.000111
13
4 0.000000 0.000000 0.713234 0.286766
4 0.018325 0.000000 0.625236 0.356439
5 0.226373 0.000000 0.212751 0.313072 0.247804
7 0.035737 0.000000 0.000000 0.000000 0.000000 0.108491 0.855772
4 0.340535 0.167518 0.238808 0.253138
4 0.196287 0.000000 0.039477 0.764235
7 0.000000 0.038217 0.016985 0.000000 0.131462 0.546883 0.266452
5 0.088135 0.000000 0.000000 0.000000 0.911865
4 0.386577 0.000000 0.000000 0.613423
6 0.000000 0.071884 0.050931 0.453588 0.136398 0.287200
5 0.000000 0.000000 0.000000 0.000000 1.000000
3 0.728231 0.271769 0.000000
3 1.000000 0.000000 0.000000
13
4 0.000000 0.000000 0.522484 0.477516
4 0.189257 0.000000 0.687643 0.123100
5 0.161815 0.000000 0.169836 0.340211 0.328138
7 0.000000 0.000000 0.000000 0.000000 0.234163 0.055277 0.710560
4 0.393145 0.000000 0.059043 0.547812
4 0.015482 0.084337 0.000000 0.900181
7 0.055830 0.047071 0.020920 0.009453 0.161919 0.337482 0.367325
5 0.000000 0.004488 0.000000 0.000000 0.995512
4 0.396286 0.000000 0.000060 0.603654
6 0.000000 0.123967 0.042747 0.421837 0.098576 0.312873
5 0.021026 0.000000 0.000000 0.049670 0.929303
3 0.775362 0.224638 0.000000
3 1.000000 0.000000 0.000000
13
4 0.000000 0.000000 0.737405 0.262595
4 0.115676 0.000000 0.657288 0.227036
5 0.239840 0.000000 0.225408 0.272205 0.262546
7 0.173565 0.000000 0.000000 0.000000 0.000000 0.092984 0.733452
4 0.305931 0.150496 0.316158 0.227415
4 0.184141 0.000000 0.000000 0.815859
7 0.000000 0.034255 0.015224 0.000000 0.117833 0.490187 0.342500
5 0.000000 0.000000 0.000000 0.000000 1.000000
4 0.343650 0.005752 0.000000 0.650599
6 0.000000 0.065450 0.046373 0.502493 0.124190 0.261495
5 0.027880 0.000000 0.000000 0.000000 0.972120
3 0.718994 0.281006 0.000000
3 1.000000 0.000000 0.000000
13
4 0.000000 0.000000 0.768603 0.231397
4 0.097899 0.000000 0.721738 0.180363
5 0.265401 0.000000 0.249431 0.194641 0.290527
7 0.184931 0.000000 0.000000 0.000000 0.000000 0.033582 0.781486
4 0.265419 0.163993 0.373287 0.197301
4 0.192408 0.000000 0.061573 0.746018
7 0.000000 0.036677 0.016300 0.000000 0.055471 0.524840 0.366712
5 0.000000 0.000000 0.000000 0.000000 1.000000
4 0.343650 0.005752 0.000000 0.650599
6 0.000000 0.267199 0.042700 0.334961 0.114354 0.240785
5 0.027880 0.000000 0.000000 0.000000 0.972120
3 0.729147 0.270853 0.000000
3 1.000000 0.000000 0.000000
13
4 0.000000 0.000000 0.721177 0.278823
4 0.015581 0.000000 0.740473 0.243945
5 0.149326 0.000000 0.419762 0.219348 0.211565
7 0.097419 0.000000 0.000000 0.000000 0.000000 0.266981 0.635600
4 0.220821 0.000000 0.291972 0.487207
4 0.124008 0.005252 0.099338 0.771401
7 0.039622 0.033407 0.000000 0.000000 0.114914 0.478043 0.334014
5 0.000000 0.000000 0.000000 0.000000 1.000000
4 0.312356 0.007036 0.000000 0.680608
6 0.000000 0.069146 0.048991 0.417673 0.243932 0.220258
5 0.023486 0.000000 0.007195 0.000000 0.969318
3 0.672919 0.227575 0.099506
3 1.000000 0.000000 0.000000
13
4 0.000000 0.000000 0.714857 0.285143
4 0.034411 0.008878 0.711091 0.245620
5 0.212906 0.000000 0.233395 0.281850 0.271849
7 0.190169 0.000000 0.000000 0.000000 0.000000 0.091116 0.718715
4 0.309471 0.152237 0.319816 0.218476
4 0.184141 0.000000 0.000000 0.815859
7 0.000000 0.028164 0.012517 0.000000 0.090810 0.586916 0.281593
5 0.001213 0.000000 0.000000 0.000000 0.998787
4 0.332488 0.038045 0.000000 0.629467
6 0.055647 0.070572 0.050002 0.541819 0.000000 0.281960
5 0.024675 0.000000 0.000000 0.000000 0.975324
3 0.735086 0.264914 0.000000
3 0.881677 0.000000 0.118323
13
4 0.000000 0.000000 0.713234 0.286766
4 0.018325 0.000000 0.625236 0.356439
5 0.248496 0.000000 0.233543 0.245939 0.272021
7 0.047312 0.000000 0.000000 0.000000 0.000000 0.107189 0.845499
4 0.305035 0.150055 0.213913 0.330997
4 0.206344 0.000000 0.041500 0.752156
7 0.000000 0.038217 0.016985 0.000000 0.131462 0.546883 0.266452
5 0.088135 0.000000 0.000000 0.000000 0.911865
4 0.345638 0.000000 0.000000 0.654362
6 0.000000 0.071884 0.050931 0.453588 0.136398 0.287200
5 0.000000 0.000000 0.000000 0.000000 1.000000
3 0.697291 0.302709 0.000000
3 1.000000 0.000000 0.000000
13
4 0.000000 0.000000 0.735094 0.264906
4 0.115676 0.000000 0.657288 0.227036
5 0.265111 0.000000 0.244949 0.199730 0.290210
7 0.189590 0.000000 0.000000 0.000000 0.000000 0.009239 0.801171
4 0.294829 0.182164 0.303844 0.219163
4 0.205033 0.000000 0.000000 0.794967
7 0.000000 0.030461 0.013538 0.000000 0.104782 0.546654 0.304565
5 0.000000 0.000000 0.000000 0.000000 1.000000
4 0.312225 0.096670 0.000000 0.591105
6 0.113370 0.067376 0.047738 0.374478 0.127845 0.269192
5 0.131157 0.000000 0.000000 0.000000 0.868843
3 0.718994 0.281006 0.000000
3 1.000000 0.000000 0.000000
13
4 0.000000 0.000000 0.737186 0.262814
4 0.040132 0.000000 0.668734 0.291134
5 0.149326 0.000000 0.419762 0.219348 0.211565
7 0.077335 0.000000 0.000000 0.000000 0.000000 0.272922 0.649744
4 0.195374 0.115237 0.258326 0.431062
4 0.050886 0.006419 0.000000 0.942695
7 0.039622 0.033407 0.000000 0.000000 0.114914 0.478043 0.334014
5 0.000000 0.000000 0.000000 0.000000 1.000000
4 0.365114 0.007822 0.000000 0.627064
6 0.000000 0.062792 0.044490 0.311100 0.329185 0.252433
5 0.024910 0.000000 0.007632 0.000000 0.967458
3 0.747278 0.252722 0.000000
3 1.000000 0.000000 0.000000
13
4 0.000000 0.000000 0.743977 0.256023
4 0.115676 0.000000 0.657288 0.227036
5 0.264000 0.000000 0.248114 0.198892 0.288993
7 0.191358 0.000000 0.000000 0.000000 0.000000 0.000000 0.808642
4 0.364847 0.022729 0.365824 0.246600
4 0.205033 0.000000 0.000000 0.794967
7 0.188860 0.027786 0.012349 0.000000 0.095579 0.397611 0.277816
5 0.000000 0.000000 0.000000 0.000000 1.000000
4 0.221612 0.006821 0.000000 0.771567
6 0.000000 0.076044 0.019788 0.422652 0.177694 0.303821
5 0.113160 0.000000 0.000000 0.000000 0.886840
3 0.692419 0.270620 0.036961
3 1.000000 0.000000 0.000000
13
4 0.000000 0.000000 0.737186 0.262814
4 0.040132 0.000000 0.668734 0.291134
5 0.149326 0.000000 0.419762 0.219348 0.211565
7 0.076226 0.000000 0.000000 0.000000 0.000000 0.283347 0.640428
4 0.195374 0.115237 0.258326 0.431062
4 0.045947 0.102854 0.000000 0.851199
7 0.039622 0.033407 0.000000 0.000000 0.114914 0.478043 0.334014
5 0.000000 0.000000 0.000000 0.000000 1.000000
4 0.318380 0.006821 0.000000 0.674800
6 0.000000 0.061978 0.043913 0.307067 0.337883 0.249160
5 0.023688 0.000000 0.007257 0.000000 0.969055
3 0.747278 0.252722 0.000000
3 1.000000 0.000000 0.000000
13
4 0.000000 0.000000 0.743977 0.256023
4 0.050839 0.000000 0.705479 0.243682
5 0.264000 0.000000 0.248114 0.198892 0.288993
7 0.179707 0.060885 0.000000 0.000000 0.000000 0.000000 0.759408
4 0.365338 0.022711 0.365541 0.246410
4 0.223396 0.000000 0.000000 0.776604
7 0.188860 0.027786 0.012349 0.000000 0.095579 0.397611 0.277816
5 0.000000 0.000000 0.000000 0.000000 1.000000
4 0.221612 0.006821 0.000000 0.771567
6 0.000000 0.079176 0.020603 0.440062 0.143823 0.316336
5 0.113160 0.000000 0.000000 0.000000 0.886840
3 0.692419 0.270620 0.036961
3 1.000000 0.000000 0.000000
13
4 0.000000 0.000000 0.712859 0.287141
4 0.043191 0.000000 0.719705 0.237103
5 0.142774 0.000000 0.422994 0.221037 0.213194
7 0.100164 0.000000 0.000000 0.000000 0.022568 0.223763 0.653505
4 0.195374 0.115237 0.258326 0.431062
4 0.050886 0.006419 0.000000 0.942695
7 0.036020 0.036436 0.000000 0.000000 0.125336 0.437900 0.364307
5 0.000000 0.000000 0.000000 0.000000 1.000000
4 0.265277 0.006923 0.058095 0.669705
6 0.000000 0.000000 0.057249 0.400321 0.285048 0.257383
5 0.025102 0.000000 0.000000 0.000000 0.974898
3 0.898497 0.101503 0.000000
3 1.000000 0.000000 0.000000
13
4 0.000000 0.000000 0.713789 0.286211
4 0.115676 0.000000 0.657288 0.227036
5 0.264000 0.000000 0.248114 0.198892 0.288993
7 0.189590 0.000000 0.000000 0.000000 0.000000 0.009239 0.801171
4 0.308252 0.021120 0.441488 0.229140
4 0.205033 0.000000 0.000000 0.794967
7 0.165537 0.028585 0.012704 0.000000 0.098328 0.409043 0.285804
5 0.000000 0.000000 0.000000 0.000000 1.000000
4 0.355154 0.005944 0.000000 0.638902
6 0.000000 0.077579 0.000000 0.431184 0.181282 0.309955
5 0.131157 0.000000 0.000000 0.000000 0.868843
3 0.667544 0.260898 0.071557
3 1.000000 0.000000 0.000000
13
4 0.000000 0.000000 0.737405 0.262595
4 0.112762 0.000000 0.640734 0.246504
5 0.248496 0.000000 0.233543 0.245939 0.272021
7 0.047312 0.000000 0.000000 0.000000 0.000000 0.107189 0.845499
4 0.340535 0.167518 0.238808 0.253138
4 0.224543 0.000000 0.000000 0.775457
7 0.000000 0.034255 0.015224 0.000000 0.117833 0.490187 0.342500
5 0.088135 0.000000 0.000000 0.000000 0.911865
4 0.345638 0.000000 0.000000 0.654362
6 0.000000 0.075992 0.053842 0.422362 0.144193 0.303613
5 0.027880 0.000000 0.000000 0.000000 0.972120
3 0.712093 0.287907 0.000000
3 1.000000 0.000000 0.000000
13
4 0.000000 0.000000 0.725535 0.274465
4 0.115676 0.000000 0.657288 0.227036
5 0.264000 0.000000 0.248114 0.198892 0.288993
7 0.189590 0.000000 0.000000 0.000000 0.000000 0.009239 0.801171
4 0.288687 0.178369 0.318348 0.214597
4 0.205033 0.000000 0.000000 0.794967
7 0.000000 0.034255 0.015224 0.000000 0.117833 0.490187 0.342500
5 0.000000 0.000000 0.000000 0.000000 1.000000
4 0.343650 0.005752 0.000000 0.650599
6 0.000000 0.075992 0.053842 0.422362 0.144193 0.303613
5 0.131157 0.000000 0.000000 0.000000 0.868843
3 0.718994 0.281006 0.000000
3 1.000000 0.000000 0.000000
13
4 0.000000 0.063840 0.690329 0.245830
4 0.115676 0.000000 0.657288 0.227036
5 0.264000 0.000000 0.248114 0.198892 0.288993
7 0.191358 0.000000 0.000000 0.000000 0.000000 0.000000 0.808642
4 0.279474 0.172677 0.340100 0.207749
4 0.205033 0.000000 0.000000 0.794967
7 0.000000 0.035265 0.015673 0.000000 0.091829 0.504637 0.352596
5 0.000000 0.000000 0.000000 0.000000 1.000000
4 0.308530 0.006059 0.000000 0.685411
6 0.000000 0.075992 0.053842 0.422362 0.144193 0.303613
5 0.027880 0.000000 0.000000 0.000000 0.972120
3 0.692734 0.307265 0.000000
3 1.000000 0.000000 0.000000
13
4 0.000000 0.000000 0.768603 0.231397
4 0.107816 0.000000 0.693552 0.198633
5 0.265401 0.000000 0.249431 0.194641 0.290527
7 0.184931 0.000000 0.000000 0.000000 0.000000 0.033582 0.781486
4 0.279951 0.118222 0.393724 0.208103
4 0.187518 0.000000 0.060008 0.752473
7 0.000000 0.032730 0.014546 0.000000 0.049502 0.468367 0.434855
5 0.000000 0.000000 0.000000 0.000000 1.000000
4 0.343650 0.005752 0.000000 0.650599
6 0.000000 0.267199 0.042700 0.334961 0.114354 0.240785
5 0.027880 0.000000 0.000000 0.000000 0.972120
3 0.765015 0.234985 0.000000
3 1.000000 0.000000 0.000000
13
4 0.000000 0.064567 0.827223 0.108210
4 0.000000 0.000000 0.919886 0.080114
5 0.070436 0.000000 0.213677 0.289109 0.426779
7 0.000000 0.000000 0.000000 0.000000 0.043226 0.292277 0.664497
4 0.213110 0.000000 0.159768 0.627122
4 0.125216 0.102292 0.000000 0.772492
7 0.000000 0.034255 0.015224 0.000000 0.117833 0.490187 0.342500
5 0.000000 0.000000 0.000000 0.000000 1.000000
4 0.401290 0.000000 0.000000 0.598710
6 0.000000 0.006283 0.000000 0.603631 0.390087 0.000000
5 0.027049 0.000000 0.000000 0.000000 0.972951
3 0.744338 0.255662 0.000000
3 1.000000 0.000000 0.000000
13
4 0.000000 0.000000 0.668756 0.331244
4 0.115676 0.000000 0.657288 0.227036
5 0.239140 0.000000 0.224751 0.180164 0.355945
7 0.127048 0.000000 0.000000 0.000000 0.000000 0.035967 0.836985
4 0.250002 0.154467 0.409691 0.185840
4 0.205033 0.000000 0.000000 0.794967
7 0.000000 0.033423 0.014854 0.024305 0.114969 0.478273 0.334175
5 0.000000 0.000000 0.000000 0.000000 1.000000
4 0.343650 0.005752 0.000000 0.650599
6 0.000000 0.075992 0.053842 0.422362 0.144193 0.303613
5 0.027880 0.000000 0.000000 0.000000 0.972120
3 0.718994 0.281006 0.000000
3 1.000000 0.000000 0.000000
13
4 0.000000 0.000000 0.768603 0.231397
4 0.103734 0.000000 0.764756 0.131510
5 0.236179 0.000000 0.332074 0.173209 0.258538
7 0.147733 0.000000 0.000000 0.000000 0.000000 0.035115 0.817152
4 0.283973 0.159851 0.363859 0.192317
4 0.192408 0.000000 0.061573 0.746018
7 0.000000 0.148602 0.000000 0.000000 0.049869 0.471845 0.329684
5 0.000000 0.000000 0.000000 0.000000 1.000000
4 0.341224 0.012771 0.000000 0.646005
6 0.000000 0.322501 0.039478 0.309683 0.105724 0.222614
5 0.027880 0.000000 0.000000 0.000000 0.972120
3 0.729147 0.270853 0.000000
3 1.000000 0.000000 0.000000
13
4 0.000000 0.000000 0.712859 0.287141
4 0.083851 0.000000 0.689121 0.227028
5 0.149326 0.000000 0.419762 0.219348 0.211565
7 0.099975 0.000000 0.000000 0.000000 0.000000 0.247753 0.652272
4 0.195374 0.115237 0.258326 0.431062
4 0.028123 0.006573 0.000000 0.965304
7 0.034902 0.029427 0.000000 0.000000 0.101225 0.421097 0.413348
5 0.000000 0.000000 0.000000 0.000000 1.000000
4 0.276469 0.007215 0.018355 0.697961
6 0.000000 0.000000 0.057249 0.400321 0.285048 0.257383
5 0.024910 0.000000 0.007632 0.000000 0.967458
3 0.592333 0.200321 0.207345
3 0.990432 0.000000 0.009568
13
4 0.000000 0.000000 0.693575 0.306425
4 0.124244 0.000000 0.705978 0.169778
5 0.239140 0.000000 0.224751 0.180164 0.355945
7 0.073995 0.000000 0.000000 0.000000 0.000000 0.038153 0.887852
4 0.250002 0.154467 0.409691 0.185840
4 0.186596 0.000000 0.000000 0.813405
7 0.000000 0.032998 0.014665 0.023997 0.126212 0.472197 0.329930
5 0.000000 0.000000 0.000000 0.000000 1.000000
4 0.299258 0.134188 0.000000 0.566555
6 0.000000 0.075992 0.053842 0.422362 0.144193 0.303613
5 0.027880 0.000000 0.000000 0.000000 0.972120
3 0.718994 0.281006 0.000000
3 1.000000 0.000000 0.000000
13
4 0.000000 0.000000 0.757209 0.242791
4 0.112762 0.000000 0.640734 0.246504
5 0.199106 0.000000 0.248892 0.262103 0.289899
7 0.047312 0.000000 0.000000 0.000000 0.000000 0.107189 0.845499
4 0.244221 0.191984 0.273686 0.290109
4 0.224543 0.000000 0.000000 0.775457
7 0.000000 0.032975 0.014655 0.000000 0.113429 0.509245 0.329697
5 0.088135 0.000000 0.000000 0.000000 0.911865
4 0.312087 0.000000 0.000000 0.687913
6 0.000000 0.075992 0.053842 0.422362 0.144193 0.303613
5 0.027880 0.000000 0.000000 0.000000 0.972120
3 0.712093 0.287907 0.000000
3 1.000000 0.000000 0.000000
13
4 0.000000 0.000000 0.743361 0.256639
4 0.015745 0.000000 0.737742 0.246513
5 0.149326 0.000000 0.419762 0.219348 0.211565
7 0.097419 0.000000 0.000000 0.000000 0.000000 0.266981 0.635600
4 0.208670 0.055026 0.275906 0.460398
4 0.152044 0.006440 0.121796 0.719720
7 0.034044 0.028703 0.000000 0.000000 0.098735 0.551532 0.286987
5 0.000000 0.000000 0.000000 0.000000 1.000000
4 0.312356 0.007036 0.000000 0.680608
6 0.000000 0.069146 0.048991 0.417673 0.243932 0.220258
5 0.023656 0.000000 0.000000 0.000000 0.976344
3 0.672919 0.227575 0.099506
3 1.000000 0.000000 0.000000
13
4 0.000000 0.000000 0.693575 0.306425
4 0.118865 0.000000 0.710314 0.170821
5 0.239140 0.000000 0.224751 0.180164 0.355945
7 0.071899 0.000000 0.028322 0.000000 0.000000 0.037072 0.862706
4 0.250002 0.154467 0.409691 0.185840
4 0.180041 0.000000 0.035126 0.784833
7 0.000000 0.033809 0.015026 0.000000 0.129315 0.483807 0.338042
5 0.144639 0.000000 0.000000 0.000000 0.855361
4 0.015052 0.188611 0.000000 0.796337
6 0.000000 0.075992 0.053842 0.422362 0.144193 0.303613
5 0.027880 0.000000 0.000000 0.000000 0.972120
3 0.718994 0.281006 0.000000
3 1.000000 0.000000 0.000000
13
4 0.000000 0.000000 0.714857 0.285143
4 0.179945 0.000000 0.609519 0.210536
5 0.212906 0.000000 0.233395 0.281850 0.271849
7 0.173565 0.000000 0.000000 0.000000 0.000000 0.092984 0.733452
4 0.305931 0.150496 0.316158 0.227415
4 0.184141 0.000000 0.000000 0.815859
7 0.000000 0.034510 0.015337 0.000000 0.111273 0.493832 0.345047
5 0.000000 0.000000 0.000000 0.000000 1.000000
4 0.321429 0.005380 0.000000 0.673191
6 0.000000 0.065450 0.046373 0.502493 0.124190 0.261495
5 0.027880 0.000000 0.000000 0.000000 0.972120
3 0.730563 0.269437 0.000000
3 1.000000 0.000000 0.000000
13
4 0.000000 0.000000 0.737405 0.262595
4 0.000000 0.000000 0.743266 0.256734
5 0.309452 0.000000 0.290831 0.233135 0.166582
7 0.191358 0.000000 0.000000 0.000000 0.000000 0.000000 0.808642
4 0.244030 0.277601 0.296967 0.181401
4 0.204439 0.002895 0.000000 0.792666
7 0.000000 0.035265 0.015673 0.000000 0.091829 0.504637 0.352596
5 0.000000 0.000000 0.000000 0.000000 1.000000
4 0.282182 0.005542 0.000000 0.712276
6 0.000000 0.075992 0.053842 0.422362 0.144193 0.303613
5 0.027880 0.000000 0.000000 0.000000 0.972120
3 0.692734 0.307265 0.000000
3 1.000000 0.000000 0.000000
13
4 0.000000 0.000000 0.713234 0.286766
4 0.018325 0.000000 0.625236 0.356439
5 0.237124 0.000000 0.222855 0.280448 0.259572
7 0.047312 0.000000 0.000000 0.000000 0.000000 0.107189 0.845499
4 0.305035 0.150055 0.213913 0.330997
4 0.206344 0.000000 0.041500 0.752156
7 0.000000 0.038217 0.016985 0.000000 0.131462 0.546883 0.266452
5 0.088135 0.000000 0.000000 0.000000 0.911865
4 0.345638 0.000000 0.000000 0.654362
6 0.000000 0.053243 0.037724 0.335967 0.360342 0.212725
5 0.000000 0.000000 0.000000 0.000000 1.000000
3 0.709325 0.290675 0.000000
3 1.000000 0.000000 0.000000
13
4 0.000000 0.058427 0.655807 0.285767
4 0.045704 0.000000 0.696126 0.258170
5 0.195997 0.000000 0.238409 0.287905 0.277689
7 0.095243 0.000000 0.000000 0.000000 0.000000 0.283358 0.621399
4 0.197246 0.116342 0.219422 0.466990
4 0.154305 0.028926 0.000000 0.816769
7 0.038434 0.032404 0.075207 0.000000 0.066264 0.463699 0.323992
5 0.090576 0.000000 0.000000 0.000000 0.909424
4 0.268246 0.007000 0.000000 0.724753
6 0.000000 0.082044 0.058130 0.456000 0.142483 0.261343
5 0.000000 0.000000 0.008843 0.000000 0.991157
3 0.693638 0.234582 0.071780
3 1.000000 0.000000 0.000000
13
4 0.000000 0.000000 0.768603 0.231397
4 0.123424 0.000000 0.701316 0.175260
5 0.264000 0.000000 0.248114 0.198892 0.288993
7 0.184931 0.000000 0.000000 0.000000 0.000000 0.033582 0.781486
4 0.254019 0.156949 0.400206 0.188826
4 0.199080 0.000000 0.029032 0.771888
7 0.000000 0.034255 0.015224 0.000000 0.117833 0.490187 0.342500
5 0.000000 0.000000 0.000000 0.000000 1.000000
4 0.343650 0.005752 0.000000 0.650599
6 0.000000 0.267199 0.042700 0.334961 0.114354 0.240785
5 0.027880 0.000000 0.000000 0.000000 0.972120
3 0.718994 0.281006 0.000000
3 1.000000 0.000000 0.000000
13
4 0.000000 0.060519 0.669717 0.269763
4 0.043191 0.000000 0.719705 0.237103
5 0.149326 0.000000 0.419762 0.219348 0.211565
7 0.097419 0.000000 0.000000 0.000000 0.000000 0.266981 0.635600
4 0.195374 0.115237 0.258326 0.431062
4 0.137686 0.005832 0.000000 0.856483
7 0.039622 0.033407 0.000000 0.000000 0.114914 0.478043 0.334014
5 0.000000 0.000000 0.000000 0.000000 1.000000
4 0.281639 0.007350 0.000000 0.711012
6 0.000000 0.074760 0.052969 0.370393 0.263737 0.238141
5 0.023486 0.000000 0.007195 0.000000 0.969318
3 0.672919 0.227575 0.099506
3 1.000000 0.000000 0.000000
13
4 0.000000 0.064567 0.827223 0.108210
4 0.000000 0.000000 0.919886 0.080114
5 0.070436 0.000000 0.213677 0.289109 0.426779
7 0.000000 0.000000 0.000000 0.000000 0.206372 0.242439 0.551190
4 0.198198 0.000000 0.218562 0.583241
4 0.136177 0.111246 0.000000 0.752577
7 0.000000 0.034255 0.015224 0.000000 0.117833 0.490187 0.342500
5 0.000000 0.000000 0.000000 0.000000 1.000000
4 0.368118 0.000000 0.000000 0.631882
6 0.000000 0.005616 0.000000 0.539532 0.348664 0.106188
5 0.027049 0.000000 0.000000 0.000000 0.972951
3 0.727086 0.272914 0.000000
3 1.000000 0.000000 0.000000
13
4 0.000000 0.000000 0.768603 0.231397
4 0.123424 0.000000 0.701316 0.175260
5 0.264000 0.000000 0.248114 0.198892 0.288993
7 0.184931 0.000000 0.000000 0.000000 0.000000 0.033582 0.781486
4 0.254019 0.156949 0.400206 0.188826
4 0.199080 0.000000 0.029032 0.771888
7 0.000000 0.037906 0.016847 0.000000 0.130393 0.542435 0.272418
5 0.000000 0.000000 0.000000 0.000000 1.000000
4 0.280614 0.006304 0.000000 0.713082
6 0.000000 0.279118 0.000000 0.349902 0.119455 0.251525
5 0.027880 0.000000 0.000000 0.000000 0.972120
3 0.718994 0.281006 0.000000
3 1.000000 0.000000 0.000000
13
4 0.000000 0.000000 0.737405 0.262595
4 0.123441 0.000000 0.701415 0.175143
5 0.264000 0.000000 0.248114 0.198892 0.288993
7 0.184931 0.000000 0.000000 0.000000 0.000000 0.033582 0.781486
4 0.351358 0.000000 0.387458 0.261184
4 0.215947 0.000000 0.000000 0.784053
7 0.000000 0.034255 0.015224 0.000000 0.117833 0.490187 0.342500
5 0.000000 0.000000 0.000000 0.000000 1.000000
4 0.320609 0.005953 0.000000 0.673438
6 0.000000 0.075992 0.053842 0.422362 0.144193 0.303613
5 0.027880 0.000000 0.000000 0.000000 0.972120
3 0.723280 0.276720 0.000000
3 0.995235 0.004765 0.000000
13
4 0.000000 0.000000 0.768603 0.231397
4 0.108199 0.000000 0.797669 0.094133
5 0.265401 0.000000 0.249431 0.194641 0.290527
7 0.191358 0.000000 0.000000 0.000000 0.000000 0.000000 0.808642
4 0.295993 0.182883 0.301096 0.220028
4 0.192408 0.000000 0.061573 0.746018
7 0.000000 0.036677 0.016300 0.000000 0.055471 0.524840 0.366712
5 0.000000 0.000000 0.000000 0.000000 1.000000
4 0.346914 0.005806 0.000000 0.647280
6 0.000000 0.267199 0.042700 0.334961 0.114354 0.240785
5 0.027880 0.000000 0.000000 0.000000 0.972120
3 0.729147 0.270853 0.000000
3 1.000000 0.000000 0.000000
13
4 0.000000 0.000000 0.737405 0.262595
4 0.115676 0.000000 0.657288 0.227036
5 0.138487 0.000000 0.290426 0.232810 0.338276
7 0.184931 0.000000 0.000000 0.000000 0.000000 0.033582 0.781486
4 0.288687 0.178369 0.318348 0.214597
4 0.254734 0.000000 0.000000 0.745266
7 0.000000 0.034255 0.015224 0.000000 0.117833 0.490187 0.342500
5 0.000000 0.000000 0.000000 0.000000 1.000000
4 0.343650 0.005752 0.000000 0.650599
6 0.000000 0.075992 0.053842 0.422362 0.144193 0.303613
5 0.030589 0.000000 0.000000 0.000000 0.969411
3 0.718994 0.281006 0.000000
3 0.999889 0.000000 0.000111
13
4 0.000000 0.000000 0.768603 0.231397
4 0.123424 0.000000 0.701316 0.175260
5 0.264000 0.000000 0.248114 0.198892 0.288993
7 0.184931 0.000000 0.000000 0.000000 0.000000 0.033582 0.781486
4 0.254019 0.156949 0.400206 0.188826
4 0.199080 0.000000 0.029032 0.771888
7 0.000000 0.037906 0.016847 0.000000 0.130393 0.542435 0.272418
5 0.000000 0.000000 0.000000 0.000000 1.000000
4 0.266591 0.005989 0.000000 0.727420
6 0.000000 0.279118 0.000000 0.349902 0.119455 0.251525
5 0.027880 0.000000 0.000000 0.000000 0.972120
3 0.664225 0.259601 0.076174
3 1.000000 0.000000 0.000000
13
4 0.000000 0.000000 0.712859 0.287141
4 0.036709 0.000000 0.611684 0.351607
5 0.149326 0.000000 0.419762 0.219348 0.211565
7 0.097419 0.000000 0.000000 0.000000 0.000000 0.266981 0.635600
4 0.195374 0.115237 0.258326 0.431062
4 0.050886 0.006419 0.000000 0.942695
7 0.034468 0.159139 0.000000 0.000000 0.099966 0.415860 0.290567
5 0.000000 0.009526 0.000000 0.000000 0.990474
4 0.259110 0.006762 0.079990 0.654138
6 0.000000 0.074760 0.052969 0.370393 0.263737 0.238141
5 0.000000 0.000000 0.007827 0.000000 0.992173
3 0.747278 0.252722 0.000000
3 1.000000 0.000000 0.000000
13
4 0.000000 0.000000 0.753152 0.246848
4 0.018325 0.000000 0.625236 0.356439
5 0.248496 0.000000 0.233543 0.245939 0.272021
7 0.047312 0.000000 0.000000 0.000000 0.000000 0.107189 0.845499
4 0.323400 0.098883 0.226792 0.350925
4 0.190300 0.000000 0.116027 0.693673
7 0.000000 0.038217 0.016985 0.000000 0.131462 0.546883 0.266452
5 0.088135 0.000000 0.000000 0.000000 0.911865
4 0.345638 0.000000 0.000000 0.654362
6 0.000000 0.071884 0.050931 0.453588 0.136398 0.287200
5 0.000000 0.000000 0.000000 0.000000 1.000000
3 0.697291 0.302709 0.000000
3 1.000000 0.000000 0.000000
13
4 0.000000 0.000000 0.737405 0.262595
4 0.115676 0.000000 0.657288 0.227036
5 0.138487 0.000000 0.290426 0.232810 0.338276
7 0.184931 0.000000 0.000000 0.000000 0.000000 0.033582 0.781486
4 0.288687 0.178369 0.318348 0.214597
4 0.254734 0.000000 0.000000 0.745266
7 0.000000 0.037194 0.016530 0.000000 0.127940 0.532233 0.286103
5 0.000000 0.000000 0.000000 0.000000 1.000000
4 0.343650 0.005752 0.000000 0.650599
6 0.000000 0.064234 0.045511 0.511739 0.121882 0.256635
5 0.030589 0.000000 0.000000 0.000000 0.969411
3 0.684111 0.315889 0.000000
3 0.953389 0.000000 0.046611
13
4 0.000000 0.000000 0.703090 0.296910
4 0.115676 0.000000 0.657288 0.227036
5 0.264000 0.000000 0.248114 0.198892 0.288993
7 0.020188 0.000000 0.000000 0.000000 0.000000 0.040370 0.939442
4 0.288687 0.178369 0.318348 0.214597
4 0.214116 0.000000 0.000000 0.785884
7 0.000000 0.034255 0.015224 0.000000 0.117833 0.490187 0.342500
5 0.000000 0.000000 0.000000 0.000000 1.000000
4 0.328425 0.005497 0.000000 0.666078
6 0.000000 0.081230 0.057553 0.382545 0.154132 0.324540
5 0.027880 0.000000 0.000000 0.000000 0.972120
3 0.718994 0.281006 0.000000
3 1.000000 0.000000 0.000000
13
4 0.000000 0.000000 0.647888 0.352112
4 0.115676 0.000000 0.657288 0.227036
5 0.122395 0.000000 0.295851 0.237159 0.344595
7 0.184931 0.000000 0.000000 0.000000 0.000000 0.033582 0.781486
4 0.271153 0.182766 0.326195 0.219886
4 0.205033 0.000000 0.000000 0.794967
7 0.000000 0.033058 0.014692 0.000000 0.113717 0.473061 0.365472
5 0.000000 0.000000 0.000000 0.003444 0.996556
4 0.343650 0.005752 0.000000 0.650599
6 0.000000 0.075992 0.053842 0.422362 0.144193 0.303613
5 0.027880 0.000000 0.000000 0.000000 0.972120
3 0.712431 0.287569 0.000000
3 0.948515 0.000000 0.051485
13
4 0.000000 0.000000 0.713234 0.286766
4 0.021001 0.000000 0.570511 0.408488
5 0.248496 0.000000 0.233543 0.245939 0.272021
7 0.047312 0.000000 0.000000 0.000000 0.000000 0.107189 0.845499
4 0.331608 0.163127 0.232548 0.272716
4 0.206344 0.000000 0.041500 0.752156
7 0.000000 0.038217 0.016985 0.000000 0.131462 0.546883 0.266452
5 0.088135 0.000000 0.000000 0.000000 0.911865
4 0.292334 0.000000 0.000000 0.707666
6 0.000000 0.071884 0.050931 0.453588 0.136398 0.287200
5 0.000000 0.000000 0.000000 0.000000 1.000000
3 0.667591 0.332409 0.000000
3 1.000000 0.000000 0.000000
13
4 0.000000 0.000000 0.693575 0.306425
4 0.127229 0.000000 0.722936 0.149836
5 0.236835 0.000000 0.222584 0.178427 0.362154
7 0.071991 0.064199 0.000000 0.000000 0.000000 0.000000 0.863810
4 0.229856 0.142020 0.457259 0.170865
4 0.206524 0.000000 0.000000 0.793476
7 0.000000 0.033819 0.015030 0.024594 0.129352 0.459068 0.338137
5 0.000000 0.000000 0.000000 0.000000 1.000000
4 0.351303 0.157525 0.000000 0.491173
6 0.000000 0.070796 0.050160 0.393484 0.202706 0.282854
5 0.027880 0.000000 0.000000 0.000000 0.972120
3 0.718994 0.281006 0.000000
3 1.000000 0.000000 0.000000
13
4 0.000000 0.000000 0.726081 0.273919
4 0.099510 0.000000 0.705183 0.195307
5 0.028738 0.000000 0.327424 0.262468 0.381370
7 0.190934 0.000000 0.010232 0.000000 0.000000 0.034672 0.764161
4 0.288687 0.178369 0.318348 0.214597
4 0.243266 0.000000 0.000000 0.756734
7 0.000000 0.000000 0.015102 0.000000 0.158883 0.486259 0.339755
5 0.132046 0.000000 0.008959 0.000000 0.858995
4 0.345638 0.000000 0.000000 0.654362
6 0.000000 0.075992 0.053842 0.422362 0.144193 0.303613
5 0.069723 0.000000 0.000000 0.000000 0.930277
3 0.791057 0.208943 0.000000
3 0.999889 0.000000 0.000111
13
4 0.042519 0.000000 0.711754 0.245727
4 0.015745 0.000000 0.737742 0.246513
5 0.148197 0.000000 0.416590 0.217691 0.217522
7 0.097419 0.000000 0.000000 0.000000 0.000000 0.266981 0.635600
4 0.208670 0.055026 0.275906 0.460398
4 0.152044 0.006440 0.121796 0.719720
7 0.035576 0.029995 0.000000 0.000000 0.103178 0.576352 0.254899
5 0.000000 0.000000 0.000000 0.000000 1.000000
4 0.324929 0.006907 0.000000 0.668164
6 0.000000 0.069146 0.048991 0.417673 0.243932 0.220258
5 0.023656 0.000000 0.000000 0.000000 0.976344
3 0.690506 0.215338 0.094156
3 1.000000 0.000000 0.000000
13
4 0.000000 0.060095 0.825394 0.114511
4 0.116220 0.000000 0.542214 0.341566
5 0.186069 0.000000 0.241512 0.291116 0.281303
7 0.100463 0.000000 0.000000 0.000000 0.188588 0.237412 0.473537
4 0.354781 0.076962 0.146936 0.421321
4 0.152940 0.046576 0.000000 0.800484
7 0.036149 0.030478 0.013545 0.000000 0.178958 0.436136 0.304734
5 0.000000 0.000000 0.000000 0.000000 1.000000
4 0.358900 0.006881 0.000000 0.634218
6 0.000000 0.132083 0.054001 0.423611 0.268876 0.121430
5 0.027541 0.000000 0.000000 0.012157 0.960302
3 0.870750 0.084910 0.044340
3 1.000000 0.000000 0.000000
13
4 0.000000 0.042495 0.583653 0.373853
4 0.146806 0.000000 0.732251 0.120943
5 0.226779 0.000000 0.047043 0.335536 0.390641
7 0.000000 0.000000 0.000000 0.000000 0.206826 0.165568 0.627606
4 0.082564 0.000000 0.211962 0.705474
4 0.073968 0.089265 0.000000 0.836767
7 0.051093 0.043077 0.000000 0.008651 0.148180 0.412840 0.336158
5 0.000000 0.000000 0.000000 0.000000 1.000000
4 0.258889 0.000000 0.000000 0.741110
6 0.000000 0.035939 0.042837 0.525347 0.082343 0.313534
5 0.015381 0.000000 0.000000 0.000000 0.984619
3 0.799094 0.200906 0.000000
3 1.000000 0.000000 0.000000
13
4 0.000000 0.000000 0.714857 0.285143
4 0.115676 0.000000 0.657288 0.227036
5 0.212906 0.000000 0.233395 0.281850 0.271849
7 0.173565 0.000000 0.000000 0.000000 0.000000 0.092984 0.733452
4 0.305931 0.150496 0.316158 0.227415
4 0.184141 0.000000 0.000000 0.815859
7 0.000000 0.034510 0.015337 0.000000 0.111273 0.493832 0.345047
5 0.000000 0.000000 0.000000 0.000000 1.000000
4 0.343650 0.005752 0.000000 0.650599
6 0.000000 0.065450 0.046373 0.502493 0.124190 0.261495
5 0.027880 0.000000 0.000000 0.000000 0.972120
3 0.756552 0.243448 0.000000
3 1.000000 0.000000 0.000000
13
4 0.060238 0.017390 0.576239 0.346134
4 0.000000 0.000000 0.748984 0.251016
5 0.260899 0.021197 0.000000 0.345583 0.372321
7 0.000000 0.000000 0.065145 0.000000 0.161814 0.192397 0.580645
4 0.329450 0.000000 0.000000 0.670550
4 0.143805 0.025405 0.000000 0.830789
7 0.060870 0.051321 0.022808 0.000578 0.051667 0.491841 0.320914
5 0.000000 0.000000 0.000000 0.000000 1.000000
4 0.000000 0.061240 0.000087 0.938673
6 0.064057 0.005722 0.000000 0.505891 0.086882 0.337448
5 0.128789 0.000000 0.000000 0.010851 0.860360
3 1.000000 0.000000 0.000000
3 1.000000 0.000000 0.000000
13
4 0.000000 0.039686 0.486290 0.474024
4 0.215825 0.000000 0.784175 0.000000
5 0.184215 0.000000 0.165297 0.331119 0.319369
7 0.000000 0.000000 0.000000 0.000000 0.234163 0.055277 0.710560
4 0.265995 0.000000 0.071414 0.662591
4 0.116109 0.075717 0.000000 0.808175
7 0.043585 0.036748 0.016332 0.007380 0.126407 0.351571 0.417977
5 0.056368 0.000000 0.000000 0.000000 0.943632
4 0.282131 0.053518 0.000066 0.664285
6 0.000000 0.129333 0.033198 0.327606 0.266881 0.242983
5 0.021740 0.000000 0.000000 0.017422 0.960838
3 0.743147 0.215304 0.041548
3 0.980371 0.000000 0.019629
13
4 0.000000 0.000000 0.768603 0.231397
4 0.123424 0.000000 0.701316 0.175260
5 0.234896 0.000000 0.220762 0.287207 0.257134
7 0.184931 0.000000 0.000000 0.000000 0.000000 0.033582 0.781486
4 0.226693 0.162698 0.414865 0.195743
4 0.199080 0.000000 0.029032 0.771888
7 0.000000 0.034255 0.015224 0.000000 0.117833 0.490187 0.342500
5 0.000000 0.000000 0.000000 0.000000 1.000000
4 0.338478 0.005797 0.000000 0.655726
6 0.000000 0.257874 0.041210 0.323271 0.110363 0.267281
5 0.027880 0.000000 0.000000 0.000000 0.972120
3 0.659006 0.257561 0.083433
3 1.000000 0.000000 0.000000
13
4 0.000000 0.000000 0.741211 0.258789
4 0.092627 0.000000 0.736722 0.170651
5 0.252032 0.000000 0.236867 0.235209 0.275892
7 0.184931 0.000000 0.000000 0.000000 0.000000 0.033582 0.781486
4 0.265419 0.163993 0.373287 0.197301
4 0.172446 0.000000 0.055185 0.772369
7 0.000000 0.032720 0.014542 0.107896 0.049486 0.468212 0.327146
5 0.185208 0.000000 0.000000 0.000000 0.814792
4 0.299545 0.005013 0.000000 0.695441
6 0.102561 0.239795 0.038321 0.300607 0.102626 0.216090
5 0.027880 0.000000 0.000000 0.000000 0.972120
3 0.729147 0.270853 0.000000
3 1.000000 0.000000 0.000000
13
4 0.000000 0.000000 0.737405 0.262595
4 0.054096 0.000000 0.683101 0.262803
5 0.257013 0.000000 0.241548 0.220095 0.281345
7 0.052064 0.000000 0.000000 0.000000 0.000000 0.117954 0.829982
4 0.340535 0.167518 0.238808 0.253138
4 0.214841 0.000000 0.043209 0.741950
7 0.000000 0.038217 0.016985 0.000000 0.131462 0.546883 0.266452
5 0.088135 0.000000 0.000000 0.000000 0.911865
4 0.342721 0.000000 0.000000 0.657279
6 0.000000 0.000000 0.058270 0.457097 0.156051 0.328582
5 0.000000 0.000000 0.000000 0.000000 1.000000
3 0.697291 0.302709 0.000000
3 1.000000 0.000000 0.000000
13
4 0.000000 0.000000 0.737405 0.262595
4 0.115676 0.000000 0.657288 0.227036
5 0.236861 0.000000 0.412405 0.178446 0.172288
7 0.106600 0.000000 0.000000 0.000000 0.000000 0.036810 0.856590
4 0.306036 0.189089 0.277382 0.227493
4 0.205033 0.000000 0.000000 0.794967
7 0.000000 0.034255 0.015224 0.000000 0.117833 0.490187 0.342500
5 0.000000 0.000000 0.000000 0.000000 1.000000
4 0.343650 0.005752 0.000000 0.650599
6 0.000000 0.076411 0.054138 0.419177 0.144987 0.305286
5 0.067018 0.000000 0.000000 0.000000 0.932982
3 0.704031 0.295969 0.000000
3 1.000000 0.000000 0.000000
13
4 0.000000 0.000000 0.712859 0.287141
4 0.043191 0.000000 0.719705 0.237103
5 0.149326 0.000000 0.419762 0.219348 0.211565
7 0.097419 0.000000 0.000000 0.000000 0.000000 0.266981 0.635600
4 0.216764 0.018372 0.286608 0.478256
4 0.137686 0.005832 0.000000 0.856483
7 0.039622 0.033407 0.000000 0.000000 0.114914 0.478043 0.334014
5 0.000000 0.000000 0.000000 0.000000 1.000000
4 0.312356 0.007036 0.000000 0.680608
6 0.000000 0.069146 0.048991 0.417673 0.243932 0.220258
5 0.023486 0.000000 0.007195 0.000000 0.969318
3 0.672919 0.227575 0.099506
3 1.000000 0.000000 0.000000
13
4 0.000000 0.000000 0.794944 0.205056
4 0.122440 0.000000 0.695725 0.181835
5 0.307744 0.000000 0.289227 0.066150 0.336879
7 0.184931 0.000000 0.000000 0.000000 0.000000 0.033582 0.781486
4 0.254019 0.156949 0.400206 0.188826
4 0.199080 0.000000 0.029032 0.771888
7 0.000000 0.040999 0.018221 0.000000 0.141032 0.586695 0.213052
5 0.000000 0.000000 0.000000 0.000000 1.000000
4 0.352810 0.005905 0.000000 0.641285
6 0.068215 0.248973 0.039787 0.312112 0.106554 0.224360
5 0.027880 0.000000 0.000000 0.000000 0.972120
3 0.718994 0.281006 0.000000
3 1.000000 0.000000 0.000000
13
4 0.000000 0.052396 0.698768 0.248836
4 0.102805 0.000000 0.695421 0.201774
5 0.264000 0.000000 0.248114 0.198892 0.288993
7 0.184931 0.000000 0.000000 0.000000 0.000000 0.033582 0.781486
4 0.288687 0.178369 0.318348 0.214597
4 0.205033 0.000000 0.000000 0.794967
7 0.000000 0.034255 0.015224 0.000000 0.117833 0.490187 0.342500
5 0.000000 0.000000 0.000000 0.000000 1.000000
4 0.287578 0.004813 0.000000 0.707609
6 0.000000 0.075992 0.053842 0.422362 0.144193 0.303613
5 0.027880 0.000000 0.000000 0.000000 0.972120
3 0.718994 0.281006 0.000000
3 1.000000 0.000000 0.000000
13
4 0.059161 0.000000 0.565940 0.374899
4 0.000000 0.000000 0.628718 0.371282
5 0.225094 0.018288 0.137240 0.298155 0.321223
7 0.000000 0.001640 0.000000 0.000000 0.172806 0.205466 0.620088
4 0.350083 0.000000 0.000000 0.649917
4 0.167213 0.024711 0.000000 0.808076
7 0.060870 0.051321 0.022808 0.000578 0.051667 0.491841 0.320914
5 0.000000 0.000000 0.000000 0.001677 0.998323
4 0.000000 0.000000 0.000093 0.999907
6 0.068790 0.006145 0.070114 0.399268 0.093302 0.362381
5 0.128789 0.000000 0.000000 0.010851 0.860360
3 0.704456 0.295544 0.000000
3 0.989506 0.000000 0.010494
13
4 0.000000 0.000000 0.768603 0.231397
4 0.123424 0.000000 0.701316 0.175260
5 0.257959 0.000000 0.242437 0.217224 0.282380
7 0.182425 0.000000 0.000000 0.000000 0.000000 0.033686 0.783890
4 0.226693 0.162698 0.414865 0.195743
4 0.199080 0.000000 0.029032 0.771888
7 0.000000 0.034255 0.015224 0.000000 0.117833 0.490187 0.342500
5 0.000000 0.000000 0.000000 0.000000 1.000000
4 0.338478 0.005797 0.000000 0.655726
6 0.000000 0.257874 0.041210 0.323271 0.110363 0.267281
5 0.027880 0.000000 0.000000 0.000000 0.972120
3 0.659006 0.257561 0.083433
3 1.000000 0.000000 0.000000
13
4 0.000000 0.000000 0.768603 0.231397
4 0.107816 0.000000 0.693552 0.198633
5 0.265401 0.000000 0.249431 0.194641 0.290527
7 0.184931 0.000000 0.000000 0.000000 0.000000 0.033582 0.781486
4 0.279951 0.118222 0.393724 0.208103
4 0.120631 0.000000 0.064949 0.814420
7 0.000000 0.035431 0.015747 0.000000 0.053586 0.507010 0.388227
5 0.000000 0.000000 0.000000 0.000000 1.000000
4 0.283867 0.004751 0.173966 0.537417
6 0.000000 0.267199 0.042700 0.334961 0.114354 0.240785
5 0.000000 0.000000 0.000000 0.000000 1.000000
3 0.765015 0.234985 0.000000
3 1.000000 0.000000 0.000000
13
4 0.000000 0.000000 0.802688 0.197312
4 0.115314 0.000000 0.655235 0.229450
5 0.234896 0.000000 0.220762 0.287207 0.257134
7 0.079959 0.000000 0.000000 0.000000 0.000000 0.037907 0.882134
4 0.217679 0.156229 0.398369 0.227724
4 0.268452 0.000000 0.026517 0.705031
7 0.000000 0.034255 0.015224 0.000000 0.117833 0.490187 0.342500
5 0.000000 0.000000 0.000000 0.000000 1.000000
4 0.332493 0.023375 0.000000 0.644132
6 0.000000 0.248187 0.041748 0.327491 0.111804 0.270770
5 0.170237 0.000000 0.000000 0.000000 0.829763
3 0.655563 0.260162 0.084275
3 1.000000 0.000000 0.000000
13
4 0.000000 0.000000 0.768603 0.231397
4 0.107816 0.000000 0.693552 0.198633
5 0.265401 0.000000 0.249431 0.194641 0.290527
7 0.184931 0.000000 0.000000 0.000000 0.000000 0.033582 0.781486
4 0.279951 0.118222 0.393724 0.208103
4 0.187518 0.000000 0.060008 0.752473
7 0.000000 0.031415 0.013962 0.000000 0.087688 0.449550 0.417384
5 0.000000 0.000000 0.000000 0.000000 1.000000
4 0.343650 0.005752 0.000000 0.650599
6 0.000000 0.267199 0.042700 0.334961 0.114354 0.240785
5 0.097656 0.000000 0.000000 0.000000 0.902344
3 0.779194 0.220806 0.000000
3 1.000000 0.000000 0.000000
13
4 0.000000 0.000000 0.794944 0.205056
4 0.141177 0.000000 0.649161 0.209662
5 0.307744 0.000000 0.289227 0.066150 0.336879
7 0.184931 0.000000 0.000000 0.000000 0.000000 0.033582 0.781486
4 0.237617 0.160400 0.409005 0.192978
4 0.205033 0.000000 0.000000 0.794967
7 0.000000 0.038587 0.017149 0.000000 0.132736 0.611009 0.200518
5 0.000000 0.000000 0.000000 0.000000 1.000000
4 0.352810 0.005905 0.000000 0.641285
6 0.070948 0.258947 0.041381 0.284553 0.110823 0.233349
5 0.027880 0.000000 0.000000 0.000000 0.972120
3 0.793297 0.206703 0.000000
3 1.000000 0.000000 0.000000
13
4 0.000000 0.000000 0.737405 0.262595
4 0.020727 0.000000 0.707199 0.272074
5 0.248496 0.000000 0.233543 0.245939 0.272021
7 0.047312 0.000000 0.000000 0.000000 0.000000 0.107189 0.845499
4 0.340535 0.167518 0.238808 0.253138
4 0.214841 0.000000 0.043209 0.741950
7 0.000000 0.037402 0.016622 0.021345 0.128656 0.535210 0.260765
5 0.088135 0.000000 0.000000 0.000000 0.911865
4 0.345638 0.000000 0.000000 0.654362
6 0.000000 0.075992 0.053842 0.422362 0.144193 0.303613
5 0.000000 0.000000 0.000000 0.000000 1.000000
3 0.697291 0.302709 0.000000
3 1.000000 0.000000 0.000000
13
4 0.000000 0.000000 0.760321 0.239679
4 0.097899 0.000000 0.721738 0.180363
5 0.265401 0.000000 0.249431 0.194641 0.290527
7 0.184931 0.000000 0.000000 0.000000 0.000000 0.033582 0.781486
4 0.265419 0.163993 0.373287 0.197301
4 0.192408 0.000000 0.061573 0.746018
7 0.000000 0.036677 0.016300 0.000000 0.055471 0.524840 0.366712
5 0.001101 0.000000 0.000000 0.000000 0.998899
4 0.361774 0.006055 0.000000 0.632171
6 0.000000 0.267199 0.042700 0.334961 0.114354 0.240785
5 0.027880 0.000000 0.000000 0.000000 0.972120
3 0.711357 0.264245 0.024399
3 1.000000 0.000000 0.000000
13
4 0.000000 0.000000 0.737186 0.262814
4 0.020708 0.000000 0.682267 0.297026
5 0.183565 0.000000 0.402866 0.210519 0.203049
7 0.077335 0.000000 0.000000 0.000000 0.000000 0.272922 0.649744
4 0.195374 0.115237 0.258326 0.431062
4 0.051215 0.000000 0.000000 0.948785
7 0.036391 0.030682 0.000000 0.000000 0.105542 0.520611 0.306773
5 0.000000 0.000000 0.000000 0.000000 1.000000
4 0.365114 0.007822 0.000000 0.627064
6 0.000000 0.062792 0.044490 0.311100 0.329185 0.252433
5 0.024910 0.000000 0.007632 0.000000 0.967458
3 0.747278 0.252722 0.000000
3 1.000000 0.000000 0.000000
13
4 0.002743 0.000000 0.766494 0.230762
4 0.107816 0.000000 0.693552 0.198633
5 0.279017 0.000000 0.244808 0.191033 0.285142
7 0.168238 0.000000 0.000000 0.000000 0.000000 0.030551 0.801211
4 0.269579 0.113842 0.416185 0.200393
4 0.187518 0.000000 0.060008 0.752473
7 0.000000 0.032730 0.014546 0.000000 0.049502 0.468367 0.434855
5 0.054583 0.000000 0.000000 0.000000 0.945417
4 0.343650 0.005752 0.000000 0.650599
6 0.000000 0.240572 0.038445 0.401234 0.102959 0.216790
5 0.030904 0.000000 0.000000 0.000000 0.969096
3 0.734263 0.265737 0.000000
3 1.000000 0.000000 0.000000
13
4 0.000000 0.000000 0.708788 0.291212
4 0.021219 0.000000 0.700252 0.278529
5 0.257542 0.000000 0.242045 0.254893 0.245520
7 0.052993 0.000000 0.000000 0.000000 0.000000 0.000000 0.947007
4 0.335135 0.164862 0.235022 0.264981
4 0.222138 0.000000 0.010713 0.767149
7 0.000000 0.037402 0.016622 0.021345 0.128656 0.535210 0.260765
5 0.088135 0.000000 0.000000 0.000000 0.911865
4 0.345638 0.000000 0.000000 0.654362
6 0.000000 0.075992 0.053842 0.422362 0.144193 0.303613
5 0.000000 0.000000 0.000000 0.000000 1.000000
3 0.669012 0.290433 0.040555
3 1.000000 0.000000 0.000000
13
4 0.000000 0.000000 0.884321 0.115679
4 0.000000 0.000000 0.919886 0.080114
5 0.070436 0.000000 0.213677 0.289109 0.426779
7 0.000000 0.000000 0.000000 0.000000 0.043226 0.292277 0.664497
4 0.241096 0.000000 0.154085 0.604819
4 0.125216 0.102292 0.000000 0.772492
7 0.000000 0.034255 0.015224 0.000000 0.117833 0.490187 0.342500
5 0.000000 0.000000 0.000000 0.000000 1.000000
4 0.401290 0.000000 0.000000 0.598710
6 0.000000 0.036345 0.000000 0.585369 0.378286 0.000000
5 0.027049 0.000000 0.000000 0.000000 0.972951
3 0.744338 0.255662 0.000000
3 1.000000 0.000000 0.000000
13
4 0.000000 0.000000 0.713789 0.286211
4 0.065543 0.000000 0.694550 0.239907
5 0.280539 0.000000 0.263659 0.148703 0.307098
7 0.179247 0.000000 0.000000 0.000000 0.000000 0.008735 0.812017
4 0.370903 0.025412 0.409011 0.194673
4 0.205033 0.000000 0.000000 0.794967
7 0.165537 0.028585 0.012704 0.000000 0.098328 0.409043 0.285804
5 0.000000 0.000000 0.000000 0.000000 1.000000
4 0.345638 0.000000 0.000000 0.654362
6 0.000000 0.074906 0.053072 0.416328 0.175035 0.280658
5 0.131157 0.000000 0.000000 0.000000 0.868843
3 0.624194 0.243956 0.131850
3 1.000000 0.000000 0.000000
13
4 0.000000 0.000000 0.733475 0.266525
4 0.000000 0.000000 0.743266 0.256734
5 0.309452 0.000000 0.290831 0.233135 0.166582
7 0.191358 0.000000 0.000000 0.000000 0.000000 0.000000 0.808642
4 0.244030 0.277601 0.296967 0.181401
4 0.178983 0.002534 0.000000 0.818483
7 0.000000 0.035265 0.015673 0.000000 0.091829 0.504637 0.352596
5 0.000000 0.000000 0.000000 0.000000 1.000000
4 0.282182 0.005542 0.000000 0.712276
6 0.000000 0.075992 0.053842 0.422362 0.144193 0.303613
5 0.027880 0.000000 0.000000 0.000000 0.972120
3 0.624494 0.375506 0.000000
3 0.982889 0.017111 0.000000
13
4 0.000000 0.000000 0.649148 0.350852
4 0.040132 0.000000 0.668734 0.291134
5 0.149326 0.000000 0.419762 0.219348 0.211565
7 0.076226 0.000000 0.000000 0.000000 0.000000 0.283347 0.640428
4 0.195374 0.115237 0.258326 0.431062
4 0.039223 0.087801 0.000000 0.872975
7 0.037617 0.082318 0.000000 0.000000 0.109099 0.453853 0.317113
5 0.000000 0.000000 0.000000 0.000000 1.000000
4 0.318380 0.006821 0.000000 0.674800
6 0.026422 0.060341 0.042752 0.298953 0.328955 0.242576
5 0.023688 0.000000 0.007257 0.000000 0.969055
3 0.747278 0.252722 0.000000
3 1.000000 0.000000 0.000000
13
4 0.000000 0.000000 0.778004 0.221996
4 0.115676 0.000000 0.657288 0.227036
5 0.264000 0.000000 0.248114 0.198892 0.288993
7 0.191358 0.000000 0.000000 0.000000 0.000000 0.000000 0.808642
4 0.347612 0.021655 0.348543 0.282190
4 0.278355 0.000000 0.000000 0.721645
7 0.174160 0.025623 0.011388 0.000000 0.088140 0.366663 0.334025
5 0.000000 0.000000 0.000000 0.000000 1.000000
4 0.221612 0.006821 0.000000 0.771567
6 0.000000 0.076044 0.019788 0.422652 0.177694 0.303821
5 0.113160 0.000000 0.000000 0.000000 0.886840
3 0.692419 0.270620 0.036961
3 1.000000 0.000000 0.000000
13
4 0.000000 0.000000 0.778032 0.221968
4 0.101847 0.000000 0.578711 0.319442
5 0.236861 0.000000 0.412405 0.178446 0.172288
7 0.106600 0.000000 0.000000 0.000000 0.000000 0.036810 0.856590
4 0.294587 0.182015 0.304415 0.218983
4 0.205033 0.000000 0.000000 0.794967
7 0.000000 0.030255 0.130215 0.000000 0.104074 0.432949 0.302507
5 0.000000 0.000000 0.000000 0.000000 1.000000
4 0.343650 0.005752 0.000000 0.650599
6 0.000000 0.066487 0.047107 0.364737 0.126157 0.395512
5 0.063291 0.000000 0.000000 0.000000 0.936709
3 0.705116 0.294884 0.000000
3 1.000000 0.000000 0.000000
13
4 0.000000 0.000000 0.737405 0.262595
4 0.106915 0.000000 0.607507 0.285579
5 0.253630 0.000000 0.238369 0.230360 0.277642
7 0.218657 0.000000 0.000000 0.000000 0.000000 0.087910 0.693432
4 0.299578 0.147371 0.330358 0.222693
4 0.184141 0.000000 0.000000 0.815859
7 0.000000 0.034255 0.015224 0.000000 0.117833 0.490187 0.342500
5 0.000000 0.000000 0.000000 0.000000 1.000000
4 0.343650 0.005752 0.000000 0.650599
6 0.000000 0.073133 0.089437 0.406472 0.138768 0.292190
5 0.027880 0.000000 0.000000 0.000000 0.972120
3 0.655966 0.344035 0.000000
3 1.000000 0.000000 0.000000
13
4 0.000000 0.031481 0.714191 0.254328
4 0.017327 0.000000 0.722331 0.260342
5 0.214341 0.031062 0.201443 0.318521 0.234633
7 0.139537 0.000000 0.000000 0.000000 0.000000 0.202744 0.657719
4 0.240080 0.118102 0.264747 0.377072
4 0.184141 0.000000 0.000000 0.815859
7 0.038405 0.032380 0.014391 0.000000 0.111383 0.463353 0.340089
5 0.000000 0.000000 0.000000 0.000000 1.000000
4 0.339154 0.006503 0.000000 0.654343
6 0.000000 0.082810 0.058673 0.460259 0.134475 0.263784
5 0.027880 0.000000 0.000000 0.000000 0.972120
3 0.671186 0.305677 0.023137
3 1.000000 0.000000 0.000000
13
4 0.000000 0.000000 0.737405 0.262595
4 0.020727 0.000000 0.707199 0.272074
5 0.248496 0.000000 0.233543 0.245939 0.272021
7 0.047312 0.000000 0.000000 0.000000 0.000000 0.107189 0.845499
4 0.340535 0.167518 0.238808 0.253138
4 0.214841 0.000000 0.043209 0.741950
7 0.000000 0.038217 0.016985 0.000000 0.131462 0.546883 0.266452
5 0.088135 0.000000 0.000000 0.000000 0.911865
4 0.345638 0.000000 0.000000 0.654362
6 0.000000 0.075992 0.053842 0.422362 0.144193 0.303613
5 0.000000 0.000000 0.000000 0.000000 1.000000
3 0.697291 0.302709 0.000000
3 1.000000 0.000000 0.000000
